# 02_NYC_Bar.dx navs 80 specs 889
nav 0 PatrolPoint26 PatrolPoint loc -726.1383666992188 137.1240692138672 31.257568359375 P 14 18 17 3 -1 -1 -1 -1 -1 -1 -1 -1 -1 -1 -1 -1 U 384 463 443 117 -1 -1 -1 -1 -1 -1 -1 -1 -1 -1 -1 -1 PR 10 11 20 5 16 0 15 12 1 2 19 13 -1 -1 -1 -1 VNR -1 -1 -1 -1 -1 -1 -1 -1 -1 -1 -1 -1 -1 -1 -1 -1
nav 1 PatrolPoint27 PatrolPoint loc -333.81658935546875 51.14353942871094 13.25518798828125 P 34 26 35 -1 -1 -1 -1 -1 -1 -1 -1 -1 -1 -1 -1 -1 U 483 404 203 425 -1 -1 -1 -1 -1 -1 -1 -1 -1 -1 -1 -1 PR 38 32 23 37 21 29 31 28 27 22 33 36 25 -1 -1 -1 VNR -1 -1 -1 -1 -1 -1 -1 -1 -1 -1 -1 -1 -1 -1 -1 -1
nav 2 PatrolPoint28 PatrolPoint loc -764.5836791992188 -251.97723388671875 13.258453369140625 P 49 51 48 41 -1 -1 -1 -1 -1 -1 -1 -1 -1 -1 -1 -1 U 346 386 327 99 -1 -1 -1 -1 -1 -1 -1 -1 -1 -1 -1 -1 PR 57 42 50 55 54 52 39 53 46 40 47 56 -1 -1 -1 -1 VNR -1 -1 -1 -1 -1 -1 -1 -1 -1 -1 -1 -1 -1 -1 -1 -1
nav 3 PatrolPoint29 PatrolPoint loc -2684.6962890625 507.7313232421875 11.091827392578125 P 62 58 64 -1 -1 -1 -1 -1 -1 -1 -1 -1 -1 -1 -1 -1 U 744 144 875 -1 -1 -1 -1 -1 -1 -1 -1 -1 -1 -1 -1 -1 PR 63 60 59 61 -1 -1 -1 -1 -1 -1 -1 -1 -1 -1 -1 -1 VNR -1 -1 -1 -1 -1 -1 -1 -1 -1 -1 -1 -1 -1 -1 -1 -1
nav 4 PatrolPoint30 PatrolPoint loc -3360.06494140625 352.8577880859375 -5.899901866912842 P 66 72 74 73 75 76 -1 -1 -1 -1 -1 -1 -1 -1 -1 -1 U -1 -1 -1 -1 -1 -1 -1 -1 -1 -1 -1 -1 -1 -1 -1 -1 PR 77 71 68 70 67 69 78 65 -1 -1 -1 -1 -1 -1 -1 -1 VNR -1 -1 -1 -1 -1 -1 -1 -1 -1 -1 -1 -1 -1 -1 -1 -1
nav 5 PatrolPoint31 PatrolPoint loc -379.04901123046875 -224.39825439453125 13.258453369140625 P 94 95 86 92 96 87 -1 -1 -1 -1 -1 -1 -1 -1 -1 -1 U 387 406 225 347 427 242 -1 -1 -1 -1 -1 -1 -1 -1 -1 -1 PR 84 97 85 79 91 93 81 80 89 88 -1 -1 -1 -1 -1 -1 VNR -1 -1 -1 -1 -1 -1 -1 -1 -1 -1 -1 -1 -1 -1 -1 -1
nav 6 PatrolPoint55 PatrolPoint loc -827.2474975585938 -196.08721923828125 13.257720947265625 P 110 115 107 99 -1 -1 -1 -1 -1 -1 -1 -1 -1 -1 -1 -1 U 388 486 329 41 -1 -1 -1 -1 -1 -1 -1 -1 -1 -1 -1 -1 PR 114 116 101 109 113 100 111 98 112 105 106 108 -1 -1 -1 -1 VNR -1 -1 -1 -1 -1 -1 -1 -1 -1 -1 -1 -1 -1 -1 -1 -1
nav 7 PatrolPoint56 PatrolPoint loc -854.1996459960938 62.10350036621094 13.2576904296875 P 117 131 -1 -1 -1 -1 -1 -1 -1 -1 -1 -1 -1 -1 -1 -1 U 82 3 368 -1 -1 -1 -1 -1 -1 -1 -1 -1 -1 -1 -1 -1 PR 127 128 119 129 121 118 133 120 130 135 134 137 132 136 -1 -1 VNR -1 -1 -1 -1 -1 -1 -1 -1 -1 -1 -1 -1 -1 -1 -1 -1
nav 8 PlayerStart0 PlayerStart loc 387.9106140136719 564.6989135742188 15.099710464477539 P 139 138 -1 -1 -1 -1 -1 -1 -1 -1 -1 -1 -1 -1 -1 -1 U 158 152 -1 -1 -1 -1 -1 -1 -1 -1 -1 -1 -1 -1 -1 -1 PR 142 141 143 140 -1 -1 -1 -1 -1 -1 -1 -1 -1 -1 -1 -1 VNR -1 -1 -1 -1 -1 -1 -1 -1 -1 -1 -1 -1 -1 -1 -1 -1
nav 9 Teleporter0 Teleporter loc -2845.53466796875 -1788.51904296875 178.85934448242188 P -1 -1 -1 -1 -1 -1 -1 -1 -1 -1 -1 -1 -1 -1 -1 -1 U -1 -1 -1 -1 -1 -1 -1 -1 -1 -1 -1 -1 -1 -1 -1 -1 PR -1 -1 -1 -1 -1 -1 -1 -1 -1 -1 -1 -1 -1 -1 -1 -1 VNR -1 -1 -1 -1 -1 -1 -1 -1 -1 -1 -1 -1 -1 -1 -1 -1
nav 10 Teleporter1 Teleporter loc -3187.154052734375 -1791.66650390625 188.46510314941406 P -1 -1 -1 -1 -1 -1 -1 -1 -1 -1 -1 -1 -1 -1 -1 -1 U -1 -1 -1 -1 -1 -1 -1 -1 -1 -1 -1 -1 -1 -1 -1 -1 PR -1 -1 -1 -1 -1 -1 -1 -1 -1 -1 -1 -1 -1 -1 -1 -1 VNR -1 -1 -1 -1 -1 -1 -1 -1 -1 -1 -1 -1 -1 -1 -1 -1
nav 11 Teleporter2 Teleporter loc 934.1609497070312 847.757080078125 51.18708801269531 P -1 -1 -1 -1 -1 -1 -1 -1 -1 -1 -1 -1 -1 -1 -1 -1 U -1 -1 -1 -1 -1 -1 -1 -1 -1 -1 -1 -1 -1 -1 -1 -1 PR -1 -1 -1 -1 -1 -1 -1 -1 -1 -1 -1 -1 -1 -1 -1 -1 VNR -1 -1 -1 -1 -1 -1 -1 -1 -1 -1 -1 -1 -1 -1 -1 -1
nav 12 Teleporter3 Teleporter loc 633.6239624023438 810.134521484375 60.299129486083984 P -1 -1 -1 -1 -1 -1 -1 -1 -1 -1 -1 -1 -1 -1 -1 -1 U -1 -1 -1 -1 -1 -1 -1 -1 -1 -1 -1 -1 -1 -1 -1 -1 PR -1 -1 -1 -1 -1 -1 -1 -1 -1 -1 -1 -1 -1 -1 -1 -1 VNR 17 -1 -1 -1 -1 -1 -1 -1 -1 -1 -1 -1 -1 -1 -1 -1
nav 13 PathNode0 PathNode loc -2682.175048828125 384.2886047363281 15.097381591796875 P 146 147 149 148 144 -1 -1 -1 -1 -1 -1 -1 -1 -1 -1 -1 U 689 727 745 737 58 -1 -1 -1 -1 -1 -1 -1 -1 -1 -1 -1 PR 150 145 151 -1 -1 -1 -1 -1 -1 -1 -1 -1 -1 -1 -1 -1 VNR 4 -1 -1 -1 -1 -1 -1 -1 -1 -1 -1 -1 -1 -1 -1 -1
nav 14 PathNode1 PathNode loc 403.0703125 505.314208984375 15.099710464477539 P 154 153 152 -1 -1 -1 -1 -1 -1 -1 -1 -1 -1 -1 -1 -1 U 165 159 138 -1 -1 -1 -1 -1 -1 -1 -1 -1 -1 -1 -1 -1 PR 156 155 157 -1 -1 -1 -1 -1 -1 -1 -1 -1 -1 -1 -1 -1 VNR -1 -1 -1 -1 -1 -1 -1 -1 -1 -1 -1 -1 -1 -1 -1 -1
nav 15 PathNode2 PathNode loc 256.72406005859375 522.409423828125 15.099733352661133 P 160 163 159 158 -1 -1 -1 -1 -1 -1 -1 -1 -1 -1 -1 -1 U 166 863 153 139 -1 -1 -1 -1 -1 -1 -1 -1 -1 -1 -1 -1 PR 162 161 -1 -1 -1 -1 -1 -1 -1 -1 -1 -1 -1 -1 -1 -1 VNR -1 -1 -1 -1 -1 -1 -1 -1 -1 -1 -1 -1 -1 -1 -1 -1
nav 16 PathNode4 PathNode loc 387.30853271484375 315.9415588378906 15.099611282348633 P 167 166 165 -1 -1 -1 -1 -1 -1 -1 -1 -1 -1 -1 -1 -1 U 174 160 154 -1 -1 -1 -1 -1 -1 -1 -1 -1 -1 -1 -1 -1 PR 168 164 -1 -1 -1 -1 -1 -1 -1 -1 -1 -1 -1 -1 -1 -1 VNR -1 -1 -1 -1 -1 -1 -1 -1 -1 -1 -1 -1 -1 -1 -1 -1
nav 17 PathNode5 PathNode loc 379.6639404296875 5.4599761962890625 15.099649429321289 P 178 181 179 170 174 175 176 -1 -1 -1 -1 -1 -1 -1 -1 -1 U 350 449 409 83 24 429 167 186 193 -1 -1 -1 -1 -1 -1 -1 PR 169 180 177 171 173 172 -1 -1 -1 -1 -1 -1 -1 -1 -1 -1 VNR 12 -1 -1 -1 -1 -1 -1 -1 -1 -1 -1 -1 -1 -1 -1 -1
nav 18 PathNode6 PathNode loc 383.8716735839844 -297.72821044921875 15.100496292114258 P 186 -1 -1 -1 -1 -1 -1 -1 -1 -1 -1 -1 -1 -1 -1 -1 U 175 -1 -1 -1 -1 -1 -1 -1 -1 -1 -1 -1 -1 -1 -1 -1 PR 182 184 183 185 -1 -1 -1 -1 -1 -1 -1 -1 -1 -1 -1 -1 VNR -1 -1 -1 -1 -1 -1 -1 -1 -1 -1 -1 -1 -1 -1 -1 -1
nav 19 PathNode7 PathNode loc 117.11964416503906 -0.13292500376701355 15.10032844543457 P 198 192 187 195 194 193 -1 -1 -1 -1 -1 -1 -1 -1 -1 -1 U 369 122 102 43 4 351 450 410 227 209 176 -1 -1 -1 -1 -1 PR 191 189 201 197 199 190 196 188 200 -1 -1 -1 -1 -1 -1 -1 VNR -1 -1 -1 -1 -1 -1 -1 -1 -1 -1 -1 -1 -1 -1 -1 -1
nav 20 PathNode8 PathNode loc -172.33660888671875 -28.79033660888672 15.099390029907227 P 211 209 203 219 210 -1 -1 -1 -1 -1 -1 -1 -1 -1 -1 -1 U 103 44 352 246 194 26 431 228 -1 -1 -1 -1 -1 -1 -1 -1 PR 221 202 206 213 204 212 220 216 218 205 208 -1 -1 -1 -1 -1 VNR -1 -1 -1 -1 -1 -1 -1 -1 -1 -1 -1 -1 -1 -1 -1 -1
nav 21 PathNode9 PathNode loc -118.38956451416016 -177.1211395263672 15.099550247192383 P 238 231 237 222 227 229 225 235 228 -1 -1 -1 -1 -1 -1 -1 U 488 332 104 470 6 45 390 452 195 247 86 432 210 -1 -1 -1 PR 226 224 236 232 234 223 233 -1 -1 -1 -1 -1 -1 -1 -1 -1 VNR -1 -1 -1 -1 -1 -1 -1 -1 -1 -1 -1 -1 -1 -1 -1 -1
nav 22 PathNode10 PathNode loc -324.1702880859375 -346.1842956542969 15.100374221801758 P 246 247 252 242 248 -1 -1 -1 -1 -1 -1 -1 -1 -1 -1 -1 U 391 211 229 354 87 263 -1 -1 -1 -1 -1 -1 -1 -1 -1 -1 PR 257 255 240 250 251 243 254 241 249 245 256 -1 -1 -1 -1 -1 VNR -1 -1 -1 -1 -1 -1 -1 -1 -1 -1 -1 -1 -1 -1 -1 -1
nav 23 PathNode11 PathNode loc -314.87677001953125 -468.9234924316406 15.100435256958008 P 261 265 258 266 263 264 -1 -1 -1 -1 -1 -1 -1 -1 -1 -1 U 125 372 8 414 392 248 273 -1 -1 -1 -1 -1 -1 -1 -1 -1 PR 267 262 259 268 260 -1 -1 -1 -1 -1 -1 -1 -1 -1 -1 -1 VNR -1 -1 -1 -1 -1 -1 -1 -1 -1 -1 -1 -1 -1 -1 -1 -1
nav 24 PathNode12 PathNode loc -329.19146728515625 -563.5408325195312 15.10004997253418 P 274 273 -1 -1 -1 -1 -1 -1 -1 -1 -1 -1 -1 -1 -1 -1 U 30 278 264 -1 -1 -1 -1 -1 -1 -1 -1 -1 -1 -1 -1 -1 PR 271 269 276 275 277 270 272 -1 -1 -1 -1 -1 -1 -1 -1 -1 VNR -1 -1 -1 -1 -1 -1 -1 -1 -1 -1 -1 -1 -1 -1 -1 -1
nav 25 PathNode13 PathNode loc -457.4163818359375 -574.8713989257812 15.099966049194336 P 279 278 -1 -1 -1 -1 -1 -1 -1 -1 -1 -1 -1 -1 -1 -1 U 283 274 -1 -1 -1 -1 -1 -1 -1 -1 -1 -1 -1 -1 -1 -1 PR 280 281 -1 -1 -1 -1 -1 -1 -1 -1 -1 -1 -1 -1 -1 -1 VNR -1 -1 -1 -1 -1 -1 -1 -1 -1 -1 -1 -1 -1 -1 -1 -1
nav 26 PathNode14 PathNode loc -595.1085205078125 -592.214599609375 15.100245475769043 P 284 283 285 -1 -1 -1 -1 -1 -1 -1 -1 -1 -1 -1 -1 -1 U 288 279 291 -1 -1 -1 -1 -1 -1 -1 -1 -1 -1 -1 -1 -1 PR 282 -1 -1 -1 -1 -1 -1 -1 -1 -1 -1 -1 -1 -1 -1 -1 VNR -1 -1 -1 -1 -1 -1 -1 -1 -1 -1 -1 -1 -1 -1 -1 -1
nav 27 PathNode15 PathNode loc -755.797607421875 -584.7985229492188 15.099889755249023 P 288 289 -1 -1 -1 -1 -1 -1 -1 -1 -1 -1 -1 -1 -1 -1 U 284 292 -1 -1 -1 -1 -1 -1 -1 -1 -1 -1 -1 -1 -1 -1 PR 286 287 -1 -1 -1 -1 -1 -1 -1 -1 -1 -1 -1 -1 -1 -1 VNR -1 -1 -1 -1 -1 -1 -1 -1 -1 -1 -1 -1 -1 -1 -1 -1
nav 28 PathNode16 PathNode loc -680.507568359375 -690.2882080078125 15.100061416625977 P 293 291 292 -1 -1 -1 -1 -1 -1 -1 -1 -1 -1 -1 -1 -1 U 295 285 289 -1 -1 -1 -1 -1 -1 -1 -1 -1 -1 -1 -1 -1 PR 290 -1 -1 -1 -1 -1 -1 -1 -1 -1 -1 -1 -1 -1 -1 -1 VNR -1 -1 -1 -1 -1 -1 -1 -1 -1 -1 -1 -1 -1 -1 -1 -1
nav 29 PathNode17 PathNode loc -956.0545043945312 -686.0196533203125 15.099130630493164 P 294 298 295 296 -1 -1 -1 -1 -1 -1 -1 -1 -1 -1 -1 -1 U 126 373 490 293 301 -1 -1 -1 -1 -1 -1 -1 -1 -1 -1 -1 PR 299 297 -1 -1 -1 -1 -1 -1 -1 -1 -1 -1 -1 -1 -1 -1 VNR -1 -1 -1 -1 -1 -1 -1 -1 -1 -1 -1 -1 -1 -1 -1 -1
nav 30 PathNode18 PathNode loc -960.1329345703125 -565.0930786132812 15.100245475769043 P 304 302 301 -1 -1 -1 -1 -1 -1 -1 -1 -1 -1 -1 -1 -1 U 9 491 315 296 -1 -1 -1 -1 -1 -1 -1 -1 -1 -1 -1 -1 PR 300 303 305 -1 -1 -1 -1 -1 -1 -1 -1 -1 -1 -1 -1 -1 VNR -1 -1 -1 -1 -1 -1 -1 -1 -1 -1 -1 -1 -1 -1 -1 -1
nav 31 PathNode19 PathNode loc -947.1134033203125 -346.70458984375 15.098657608032227 P 325 315 316 -1 -1 -1 -1 -1 -1 -1 -1 -1 -1 -1 -1 -1 U 454 415 90 511 302 334 -1 -1 -1 -1 -1 -1 -1 -1 -1 -1 PR 320 322 306 310 318 308 313 317 319 324 307 309 314 -1 -1 -1 VNR -1 -1 -1 -1 -1 -1 -1 -1 -1 -1 -1 -1 -1 -1 -1 -1
nav 32 PathNode20 PathNode loc -863.1278076171875 -283.28961181640625 15.099328994750977 P 343 334 327 329 -1 -1 -1 -1 -1 -1 -1 -1 -1 -1 -1 -1 U 437 416 512 316 48 107 -1 -1 -1 -1 -1 -1 -1 -1 -1 -1 PR 341 340 326 330 336 328 338 339 333 337 342 335 -1 -1 -1 -1 VNR -1 -1 -1 -1 -1 -1 -1 -1 -1 -1 -1 -1 -1 -1 -1 -1
nav 33 PathNode21 PathNode loc -572.7093505859375 -288.0982971191406 15.096979141235352 P 359 354 358 347 346 -1 -1 -1 -1 -1 -1 -1 -1 -1 -1 -1 U 417 252 395 92 49 -1 -1 -1 -1 -1 -1 -1 -1 -1 -1 -1 PR 353 345 361 344 349 362 357 355 360 356 348 -1 -1 -1 -1 -1 VNR -1 -1 -1 -1 -1 -1 -1 -1 -1 -1 -1 -1 -1 -1 -1 -1
nav 34 PathNode22 PathNode loc -855.6610107421875 40.017425537109375 15.099206924438477 P 381 380 383 378 382 368 -1 -1 -1 -1 -1 -1 -1 -1 -1 -1 U 475 457 514 396 495 131 -1 -1 -1 -1 -1 -1 -1 -1 -1 -1 PR 374 375 365 376 367 364 379 366 377 363 -1 -1 -1 -1 -1 -1 VNR -1 -1 -1 -1 -1 -1 -1 -1 -1 -1 -1 -1 -1 -1 -1 -1
nav 35 PathNode24 PathNode loc -696.331787109375 -102.56084442138672 15.098459243774414 P 398 387 399 397 384 395 401 396 386 388 -1 -1 -1 -1 -1 -1 U 439 94 458 419 14 358 496 378 51 110 -1 -1 -1 -1 -1 -1 PR 402 400 385 389 393 394 -1 -1 -1 -1 -1 -1 -1 -1 -1 -1 VNR -1 -1 -1 -1 -1 -1 -1 -1 -1 -1 -1 -1 -1 -1 -1 -1
nav 36 PathNode25 PathNode loc -523.7470092773438 73.02674865722656 15.098306655883789 P 417 406 420 419 404 421 -1 -1 -1 -1 -1 -1 -1 -1 -1 -1 U 359 95 440 397 34 459 -1 -1 -1 -1 -1 -1 -1 -1 -1 -1 PR 423 418 408 422 403 413 412 411 405 407 -1 -1 -1 -1 -1 -1 VNR -1 -1 -1 -1 -1 -1 -1 -1 -1 -1 -1 -1 -1 -1 -1 -1
nav 37 PathNode26 PathNode loc -328.0882568359375 -87.29379272460938 15.099939346313477 P 439 440 432 431 427 425 -1 -1 -1 -1 -1 -1 -1 -1 -1 -1 U 398 420 235 219 96 35 -1 -1 -1 -1 -1 -1 -1 -1 -1 -1 PR 442 424 441 428 426 435 434 430 438 433 -1 -1 -1 -1 -1 -1 VNR -1 -1 -1 -1 -1 -1 -1 -1 -1 -1 -1 -1 -1 -1 -1 -1
nav 38 PathNode27 PathNode loc -574.0077514648438 130.6177215576172 31.1011905670166 P 457 458 461 443 459 -1 -1 -1 -1 -1 -1 -1 -1 -1 -1 -1 U 380 399 479 17 421 -1 -1 -1 -1 -1 -1 -1 -1 -1 -1 -1 PR 455 453 451 446 447 445 460 444 456 462 448 -1 -1 -1 -1 -1 VNR -1 -1 -1 -1 -1 -1 -1 -1 -1 -1 -1 -1 -1 -1 -1 -1
nav 39 PathNode28 PathNode loc -639.6143188476562 272.08770751953125 31.1013126373291 P 466 475 463 479 -1 -1 -1 -1 -1 -1 -1 -1 -1 -1 -1 -1 U 323 237 381 18 461 -1 -1 -1 -1 -1 -1 -1 -1 -1 -1 -1 PR 473 481 467 469 465 474 478 476 464 477 480 468 -1 -1 -1 -1 VNR -1 -1 -1 -1 -1 -1 -1 -1 -1 -1 -1 -1 -1 -1 -1 -1
nav 40 PathNode29 PathNode loc -910.9046020507812 -82.74658966064453 15.098642349243164 P 491 496 500 486 495 -1 -1 -1 -1 -1 -1 -1 -1 -1 -1 -1 U 304 401 519 115 382 -1 -1 -1 -1 -1 -1 -1 -1 -1 -1 -1 PR 501 497 485 498 494 499 482 487 492 493 484 -1 -1 -1 -1 -1 VNR -1 -1 -1 -1 -1 -1 -1 -1 -1 -1 -1 -1 -1 -1 -1 -1
nav 41 PathNode30 PathNode loc -1083.218017578125 -67.42262268066406 15.100000381469727 P 520 511 512 514 519 -1 -1 -1 -1 -1 -1 -1 -1 -1 -1 -1 U 568 645 524 325 343 383 500 -1 -1 -1 -1 -1 -1 -1 -1 -1 PR 521 518 516 517 513 502 504 515 506 507 510 -1 -1 -1 -1 -1 VNR -1 -1 -1 -1 -1 -1 -1 -1 -1 -1 -1 -1 -1 -1 -1 -1
nav 42 PathNode31 PathNode loc -1393.36669921875 -59.44245529174805 15.101938247680664 P 533 524 529 525 526 -1 -1 -1 -1 -1 -1 -1 -1 -1 -1 -1 U 634 520 583 535 544 -1 -1 -1 -1 -1 -1 -1 -1 -1 -1 -1 PR 527 532 530 528 531 534 522 523 -1 -1 -1 -1 -1 -1 -1 -1 VNR -1 -1 -1 -1 -1 -1 -1 -1 -1 -1 -1 -1 -1 -1 -1 -1
nav 43 PathNode32 PathNode loc -1345.5789794921875 195.37608337402344 15.102685928344727 P 539 535 -1 -1 -1 -1 -1 -1 -1 -1 -1 -1 -1 -1 -1 -1 U 635 525 -1 -1 -1 -1 -1 -1 -1 -1 -1 -1 -1 -1 -1 -1 PR 537 542 541 538 540 543 536 -1 -1 -1 -1 -1 -1 -1 -1 -1 VNR -1 -1 -1 -1 -1 -1 -1 -1 -1 -1 -1 -1 -1 -1 -1 -1
nav 44 PathNode33 PathNode loc -1446.8516845703125 -234.6510009765625 15.098627090454102 P 548 544 555 -1 -1 -1 -1 -1 -1 -1 -1 -1 -1 -1 -1 -1 U 584 526 866 -1 -1 -1 -1 -1 -1 -1 -1 -1 -1 -1 -1 -1 PR 551 546 554 553 549 547 552 550 545 -1 -1 -1 -1 -1 -1 -1 VNR -1 -1 -1 -1 -1 -1 -1 -1 -1 -1 -1 -1 -1 -1 -1 -1
nav 45 PathNode34 PathNode loc -1517.4547119140625 -518.7842407226562 15.100809097290039 P 564 560 561 562 567 -1 -1 -1 -1 -1 -1 -1 -1 -1 -1 -1 U 636 585 607 617 867 -1 -1 -1 -1 -1 -1 -1 -1 -1 -1 -1 PR 557 565 556 558 563 566 559 -1 -1 -1 -1 -1 -1 -1 -1 -1 VNR -1 -1 -1 -1 -1 -1 -1 -1 -1 -1 -1 -1 -1 -1 -1 -1
nav 46 PathNode35 PathNode loc -1838.642333984375 -200.86566162109375 15.097574234008789 P 581 568 574 579 578 573 575 -1 -1 -1 -1 -1 -1 -1 -1 -1 U 738 598 664 649 586 608 -1 -1 -1 -1 -1 -1 -1 -1 -1 -1 PR 580 570 577 582 571 572 576 569 -1 -1 -1 -1 -1 -1 -1 -1 VNR -1 -1 -1 -1 -1 -1 -1 -1 -1 -1 -1 -1 -1 -1 -1 -1
nav 47 PathNode36 PathNode loc -1645.339111328125 -219.73541259765625 15.099878311157227 P 589 585 583 595 591 584 586 588 -1 -1 -1 -1 -1 -1 -1 -1 U 624 560 529 869 650 548 573 609 -1 -1 -1 -1 -1 -1 -1 -1 PR 594 593 592 590 587 -1 -1 -1 -1 -1 -1 -1 -1 -1 -1 -1 VNR -1 -1 -1 -1 -1 -1 -1 -1 -1 -1 -1 -1 -1 -1 -1 -1
nav 48 PathNode37 PathNode loc -1939.272216796875 -469.87933349609375 15.102746963500977 P 598 600 601 602 -1 -1 -1 -1 -1 -1 -1 -1 -1 -1 -1 -1 U 574 610 618 625 -1 -1 -1 -1 -1 -1 -1 -1 -1 -1 -1 -1 PR 603 596 604 597 599 -1 -1 -1 -1 -1 -1 -1 -1 -1 -1 -1 VNR -1 -1 -1 -1 -1 -1 -1 -1 -1 -1 -1 -1 -1 -1 -1 -1
nav 49 PathNode38 PathNode loc -1717.095458984375 -321.56005859375 15.099786758422852 P 615 607 610 608 609 -1 -1 -1 -1 -1 -1 -1 -1 -1 -1 -1 U 870 561 600 575 588 -1 -1 -1 -1 -1 -1 -1 -1 -1 -1 -1 PR 612 611 605 613 606 614 -1 -1 -1 -1 -1 -1 -1 -1 -1 -1 VNR -1 -1 -1 -1 -1 -1 -1 -1 -1 -1 -1 -1 -1 -1 -1 -1
nav 50 PathNode39 PathNode loc -1739.7042236328125 -587.0746459960938 15.100366592407227 P 619 617 618 -1 -1 -1 -1 -1 -1 -1 -1 -1 -1 -1 -1 -1 U 627 562 601 -1 -1 -1 -1 -1 -1 -1 -1 -1 -1 -1 -1 -1 PR 616 620 -1 -1 -1 -1 -1 -1 -1 -1 -1 -1 -1 -1 -1 -1 VNR -1 -1 -1 -1 -1 -1 -1 -1 -1 -1 -1 -1 -1 -1 -1 -1
nav 51 PathNode40 PathNode loc -2013.8006591796875 -588.4493408203125 15.099847793579102 P 630 624 627 625 -1 -1 -1 -1 -1 -1 -1 -1 -1 -1 -1 -1 U 667 589 619 602 -1 -1 -1 -1 -1 -1 -1 -1 -1 -1 -1 -1 PR 628 622 621 623 626 629 -1 -1 -1 -1 -1 -1 -1 -1 -1 -1 VNR -1 -1 -1 -1 -1 -1 -1 -1 -1 -1 -1 -1 -1 -1 -1 -1
nav 52 PathNode41 PathNode loc -1617.814453125 202.42660522460938 15.099336624145508 P 631 632 636 634 635 642 -1 -1 -1 -1 -1 -1 -1 -1 -1 -1 U 564 533 539 654 -1 -1 -1 -1 -1 -1 -1 -1 -1 -1 -1 -1 PR 641 639 640 643 638 637 633 -1 -1 -1 -1 -1 -1 -1 -1 -1 VNR -1 -1 -1 -1 -1 -1 -1 -1 -1 -1 -1 -1 -1 -1 -1 -1
nav 53 PathNode42 PathNode loc -1738.389892578125 -20.61850357055664 15.099794387817383 P 645 655 654 650 649 -1 -1 -1 -1 -1 -1 -1 -1 -1 -1 -1 U 669 642 591 578 -1 -1 -1 -1 -1 -1 -1 -1 -1 -1 -1 -1 PR 648 658 657 656 646 651 653 659 647 652 644 -1 -1 -1 -1 -1 VNR -1 -1 -1 -1 -1 -1 -1 -1 -1 -1 -1 -1 -1 -1 -1 -1
nav 54 PathNode43 PathNode loc -1996.13671875 -7.665005207061768 15.100778579711914 P 667 669 670 664 -1 -1 -1 -1 -1 -1 -1 -1 -1 -1 -1 -1 U 630 655 680 579 -1 -1 -1 -1 -1 -1 -1 -1 -1 -1 -1 -1 PR 672 671 660 673 661 662 668 665 663 666 -1 -1 -1 -1 -1 -1 VNR -1 -1 -1 -1 -1 -1 -1 -1 -1 -1 -1 -1 -1 -1 -1 -1
nav 55 PathNode44 PathNode loc -2253.824951171875 -9.01829719543457 15.099817276000977 P 685 684 680 683 681 -1 -1 -1 -1 -1 -1 -1 -1 -1 -1 -1 U 739 728 670 710 693 -1 -1 -1 -1 -1 -1 -1 -1 -1 -1 -1 PR 686 674 682 675 687 676 678 679 677 -1 -1 -1 -1 -1 -1 -1 VNR -1 -1 -1 -1 -1 -1 -1 -1 -1 -1 -1 -1 -1 -1 -1 -1
nav 56 PathNode45 PathNode loc -2426.655517578125 -4.7749481201171875 15.100839614868164 P 689 698 693 695 -1 -1 -1 -1 -1 -1 -1 -1 -1 -1 -1 -1 U 146 729 681 711 -1 -1 -1 -1 -1 -1 -1 -1 -1 -1 -1 -1 PR 697 696 694 690 691 692 699 688 -1 -1 -1 -1 -1 -1 -1 -1 VNR -1 -1 -1 -1 -1 -1 -1 -1 -1 -1 -1 -1 -1 -1 -1 -1
nav 57 PathNode46 PathNode loc -2417.284912109375 -289.4411315917969 44.0107307434082 P 703 702 -1 -1 -1 -1 -1 -1 -1 -1 -1 -1 -1 -1 -1 -1 U 718 712 -1 -1 -1 -1 -1 -1 -1 -1 -1 -1 -1 -1 -1 -1 PR 704 706 705 700 701 -1 -1 -1 -1 -1 -1 -1 -1 -1 -1 -1 VNR -1 -1 -1 -1 -1 -1 -1 -1 -1 -1 -1 -1 -1 -1 -1 -1
nav 58 PathNode56 PathNode loc -2437.427490234375 -126.16950988769531 19.3006591796875 P 716 710 712 711 -1 -1 -1 -1 -1 -1 -1 -1 -1 -1 -1 -1 U 879 683 702 695 -1 -1 -1 -1 -1 -1 -1 -1 -1 -1 -1 -1 PR 714 713 708 707 715 709 -1 -1 -1 -1 -1 -1 -1 -1 -1 -1 VNR -1 -1 -1 -1 -1 -1 -1 -1 -1 -1 -1 -1 -1 -1 -1 -1
nav 59 PathNode57 PathNode loc -2431.06298828125 -580.3682250976562 92.4942626953125 P 718 720 -1 -1 -1 -1 -1 -1 -1 -1 -1 -1 -1 -1 -1 -1 U 703 725 -1 -1 -1 -1 -1 -1 -1 -1 -1 -1 -1 -1 -1 -1 PR 721 717 719 -1 -1 -1 -1 -1 -1 -1 -1 -1 -1 -1 -1 -1 VNR -1 -1 -1 -1 -1 -1 -1 -1 -1 -1 -1 -1 -1 -1 -1 -1
nav 60 PathNode58 PathNode loc -2441.604736328125 -850.54052734375 137.5264892578125 P 725 726 -1 -1 -1 -1 -1 -1 -1 -1 -1 -1 -1 -1 -1 -1 U 720 882 -1 -1 -1 -1 -1 -1 -1 -1 -1 -1 -1 -1 -1 -1 PR 722 724 723 -1 -1 -1 -1 -1 -1 -1 -1 -1 -1 -1 -1 -1 VNR -1 -1 -1 -1 -1 -1 -1 -1 -1 -1 -1 -1 -1 -1 -1 -1
nav 61 PathNode59 PathNode loc -2403.305908203125 251.82086181640625 15.099252700805664 P 727 728 729 733 -1 -1 -1 -1 -1 -1 -1 -1 -1 -1 -1 -1 U 147 684 698 740 -1 -1 -1 -1 -1 -1 -1 -1 -1 -1 -1 -1 PR 735 734 732 730 731 -1 -1 -1 -1 -1 -1 -1 -1 -1 -1 -1 VNR -1 -1 -1 -1 -1 -1 -1 -1 -1 -1 -1 -1 -1 -1 -1 -1
nav 62 PathNode60 PathNode loc -2655.4345703125 262.86407470703125 15.098367691040039 P 738 739 741 740 737 -1 -1 -1 -1 -1 -1 -1 -1 -1 -1 -1 U 581 685 748 733 148 -1 -1 -1 -1 -1 -1 -1 -1 -1 -1 -1 PR 742 743 736 -1 -1 -1 -1 -1 -1 -1 -1 -1 -1 -1 -1 -1 VNR -1 -1 -1 -1 -1 -1 -1 -1 -1 -1 -1 -1 -1 -1 -1 -1
nav 63 PathNode61 PathNode loc -2944.1650390625 371.9134826660156 15.097955703735352 P 750 748 744 745 749 -1 -1 -1 -1 -1 -1 -1 -1 -1 -1 -1 U 830 66 741 62 149 766 -1 -1 -1 -1 -1 -1 -1 -1 -1 -1 PR 746 747 751 -1 -1 -1 -1 -1 -1 -1 -1 -1 -1 -1 -1 -1 VNR 4 -1 -1 -1 -1 -1 -1 -1 -1 -1 -1 -1 -1 -1 -1 -1
nav 64 PathNode62 PathNode loc -3133.10009765625 392.86041259765625 -0.8995720148086548 P 755 756 754 753 -1 -1 -1 -1 -1 -1 -1 -1 -1 -1 -1 -1 U 783 790 774 -1 -1 -1 -1 -1 -1 -1 -1 -1 -1 -1 -1 -1 PR 757 759 760 758 761 752 -1 -1 -1 -1 -1 -1 -1 -1 -1 -1 VNR -1 -1 -1 -1 -1 -1 -1 -1 -1 -1 -1 -1 -1 -1 -1 -1
nav 65 PathNode63 PathNode loc -3104.1552734375 385.90155029296875 15.099946975708008 P 773 770 768 766 767 -1 -1 -1 -1 -1 -1 -1 -1 -1 -1 -1 U 749 753 -1 -1 -1 -1 -1 -1 -1 -1 -1 -1 -1 -1 -1 -1 PR 769 771 772 764 765 762 763 -1 -1 -1 -1 -1 -1 -1 -1 -1 VNR -1 -1 -1 -1 -1 -1 -1 -1 -1 -1 -1 -1 -1 -1 -1 -1
nav 66 PathNode64 PathNode loc -3171.43408203125 386.009521484375 -16.899595260620117 P 776 778 781 774 -1 -1 -1 -1 -1 -1 -1 -1 -1 -1 -1 -1 U 784 810 844 767 754 -1 -1 -1 -1 -1 -1 -1 -1 -1 -1 -1 PR 782 777 779 780 775 -1 -1 -1 -1 -1 -1 -1 -1 -1 -1 -1 VNR -1 -1 -1 -1 -1 -1 -1 -1 -1 -1 -1 -1 -1 -1 -1 -1
nav 67 PathNode65 PathNode loc -3157.796142578125 233.46881103515625 -16.900754928588867 P 787 789 783 784 -1 -1 -1 -1 -1 -1 -1 -1 -1 -1 -1 -1 U 822 845 768 755 776 -1 -1 -1 -1 -1 -1 -1 -1 -1 -1 -1 PR 785 788 786 -1 -1 -1 -1 -1 -1 -1 -1 -1 -1 -1 -1 -1 VNR -1 -1 -1 -1 -1 -1 -1 -1 -1 -1 -1 -1 -1 -1 -1 -1
nav 68 PathNode66 PathNode loc -3133.496337890625 501.77984619140625 -16.9000301361084 P 795 792 790 -1 -1 -1 -1 -1 -1 -1 -1 -1 -1 -1 -1 -1 U 846 812 756 -1 -1 -1 -1 -1 -1 -1 -1 -1 -1 -1 -1 -1 PR 796 793 794 791 -1 -1 -1 -1 -1 -1 -1 -1 -1 -1 -1 -1 VNR 64 -1 -1 -1 -1 -1 -1 -1 -1 -1 -1 -1 -1 -1 -1 -1
nav 69 PathNode67 PathNode loc -3471.2646484375 529.8268432617188 -16.899702072143555 P 807 805 802 804 -1 -1 -1 -1 -1 -1 -1 -1 -1 -1 -1 -1 U 883 847 72 813 836 -1 -1 -1 -1 -1 -1 -1 -1 -1 -1 -1 PR 806 798 800 797 799 803 801 -1 -1 -1 -1 -1 -1 -1 -1 -1 VNR -1 -1 -1 -1 -1 -1 -1 -1 -1 -1 -1 -1 -1 -1 -1 -1
nav 70 PathNode68 PathNode loc -3274.11083984375 493.4891052246094 -16.900259017944336 P 818 815 813 816 810 812 -1 -1 -1 -1 -1 -1 -1 -1 -1 -1 U 884 837 770 802 73 848 778 792 -1 -1 -1 -1 -1 -1 -1 -1 PR 817 814 811 809 808 -1 -1 -1 -1 -1 -1 -1 -1 -1 -1 -1 VNR -1 -1 -1 -1 -1 -1 -1 -1 -1 -1 -1 -1 -1 -1 -1 -1
nav 71 PathNode69 PathNode loc -3472.143310546875 225.10513305664062 -16.89986228942871 P 822 827 829 828 826 -1 -1 -1 -1 -1 -1 -1 -1 -1 -1 -1 U 787 849 885 74 857 838 -1 -1 -1 -1 -1 -1 -1 -1 -1 -1 PR 823 820 819 825 821 824 -1 -1 -1 -1 -1 -1 -1 -1 -1 -1 VNR -1 -1 -1 -1 -1 -1 -1 -1 -1 -1 -1 -1 -1 -1 -1 -1
nav 72 PathNode70 PathNode loc -3497.207763671875 370.47393798828125 -16.899595260620117 P 830 837 839 836 838 -1 -1 -1 -1 -1 -1 -1 -1 -1 -1 -1 U 750 815 850 804 826 75 -1 -1 -1 -1 -1 -1 -1 -1 -1 -1 PR 841 835 832 834 831 833 840 -1 -1 -1 -1 -1 -1 -1 -1 -1 VNR -1 -1 -1 -1 -1 -1 -1 -1 -1 -1 -1 -1 -1 -1 -1 -1
nav 73 PathNode71 PathNode loc -3311.318603515625 349.5758361816406 -16.899999618530273 P 852 847 846 849 845 850 848 844 -1 -1 -1 -1 -1 -1 -1 -1 U 887 805 795 773 827 789 839 816 781 76 -1 -1 -1 -1 -1 -1 PR 851 843 842 -1 -1 -1 -1 -1 -1 -1 -1 -1 -1 -1 -1 -1 VNR -1 -1 -1 -1 -1 -1 -1 -1 -1 -1 -1 -1 -1 -1 -1 -1
nav 74 PathNode72 PathNode loc -3474.175048828125 62.91033935546875 -16.900876998901367 P 857 860 -1 -1 -1 -1 -1 -1 -1 -1 -1 -1 -1 -1 -1 -1 U 828 888 -1 -1 -1 -1 -1 -1 -1 -1 -1 -1 -1 -1 -1 -1 PR 855 854 856 853 859 858 -1 -1 -1 -1 -1 -1 -1 -1 -1 -1 VNR -1 -1 -1 -1 -1 -1 -1 -1 -1 -1 -1 -1 -1 -1 -1 -1
nav 75 HidePoint0 HidePoint loc 71.70223999023438 515.5303955078125 15.50692081451416 P 863 -1 -1 -1 -1 -1 -1 -1 -1 -1 -1 -1 -1 -1 -1 -1 U 163 -1 -1 -1 -1 -1 -1 -1 -1 -1 -1 -1 -1 -1 -1 -1 PR 862 861 -1 -1 -1 -1 -1 -1 -1 -1 -1 -1 -1 -1 -1 -1 VNR -1 -1 -1 -1 -1 -1 -1 -1 -1 -1 -1 -1 -1 -1 -1 -1
nav 76 HidePoint1 HidePoint loc -1431.185791015625 -349.7378845214844 15.50692081451416 P 870 869 867 866 -1 -1 -1 -1 -1 -1 -1 -1 -1 -1 -1 -1 U 615 595 567 555 -1 -1 -1 -1 -1 -1 -1 -1 -1 -1 -1 -1 PR 874 873 868 872 871 865 864 -1 -1 -1 -1 -1 -1 -1 -1 -1 VNR -1 -1 -1 -1 -1 -1 -1 -1 -1 -1 -1 -1 -1 -1 -1 -1
nav 77 HidePoint2 HidePoint loc -2663.583984375 595.251953125 15.50692081451416 P 879 875 -1 -1 -1 -1 -1 -1 -1 -1 -1 -1 -1 -1 -1 -1 U 716 64 -1 -1 -1 -1 -1 -1 -1 -1 -1 -1 -1 -1 -1 -1 PR 878 877 880 881 876 -1 -1 -1 -1 -1 -1 -1 -1 -1 -1 -1 VNR -1 -1 -1 -1 -1 -1 -1 -1 -1 -1 -1 -1 -1 -1 -1 -1
nav 78 HidePoint3 HidePoint loc -2359.82421875 -1111.99951171875 137.93310546875 P 882 -1 -1 -1 -1 -1 -1 -1 -1 -1 -1 -1 -1 -1 -1 -1 U 726 -1 -1 -1 -1 -1 -1 -1 -1 -1 -1 -1 -1 -1 -1 -1 PR -1 -1 -1 -1 -1 -1 -1 -1 -1 -1 -1 -1 -1 -1 -1 -1 VNR -1 -1 -1 -1 -1 -1 -1 -1 -1 -1 -1 -1 -1 -1 -1 -1
nav 79 HidePoint4 HidePoint loc -3398.70654296875 59.362876892089844 -16.494340896606445 P 883 884 887 885 888 -1 -1 -1 -1 -1 -1 -1 -1 -1 -1 -1 U 807 818 852 829 860 -1 -1 -1 -1 -1 -1 -1 -1 -1 -1 -1 PR 886 -1 -1 -1 -1 -1 -1 -1 -1 -1 -1 -1 -1 -1 -1 -1 VNR -1 -1 -1 -1 -1 -1 -1 -1 -1 -1 -1 -1 -1 -1 -1 -1
spec 402 0 1 76 79 1 1
spec 391 0 2 115 79 1 1
spec 348 0 6 115 79 1 1
spec 149 0 7 53 79 1 0
spec 854 0 19 57 79 1 0
spec 578 0 20 92 79 1 1
spec 684 0 21 47 79 1 0
spec 628 0 22 12 16 1 0
spec 732 0 23 31 79 1 0
spec 740 0 30 18 79 1 0
spec 532 0 31 63 79 1 1
spec 442 0 32 115 79 1 1
spec 452 0 33 92 79 1 1
spec 162 0 34 66 79 1 1
spec 242 0 35 115 79 1 0
spec 212 0 36 50 79 1 1
spec 457 0 37 37 79 1 1
spec 152 0 38 111 79 1 0
spec 160 0 39 95 79 1 0
spec 287 0 40 86 79 1 1
spec 411 0 41 18 79 1 1
spec 402 1 0 76 79 1 1
spec 279 1 5 76 79 1 1
spec 520 1 7 63 79 1 1
spec 714 1 17 76 79 1 0
spec 453 1 19 76 79 1 1
spec 180 1 20 76 79 1 0
spec 313 1 21 76 79 1 1
spec 397 1 22 76 79 1 1
spec 520 1 23 57 79 1 1
spec 614 1 24 44 79 1 0
spec 414 1 33 44 79 1 1
spec 521 1 34 76 79 1 1
spec 393 1 35 15 27 1 1
spec 191 1 36 53 79 1 0
spec 138 1 37 76 79 1 0
spec 253 1 38 76 79 1 1
spec 377 1 39 53 79 1 1
spec 592 1 40 47 79 1 1
spec 391 2 0 115 79 1 1
spec 386 2 5 115 79 1 1
spec 83 2 6 115 79 1 0
spec 326 2 7 76 79 1 1
spec 916 2 19 73 79 1 0
spec 632 2 20 53 79 1 0
spec 650 2 21 115 79 1 0
spec 450 2 22 53 79 1 1
spec 205 2 31 53 79 1 1
spec 103 2 32 108 79 1 0
spec 195 2 33 102 79 1 0
spec 305 2 34 98 79 1 1
spec 164 2 35 115 79 1 0
spec 404 2 36 53 79 1 1
spec 466 2 37 53 79 1 1
spec 427 2 38 92 79 1 1
spec 539 2 39 115 79 1 1
spec 223 2 40 115 79 1 1
spec 368 2 41 37 79 1 1
spec 123 3 13 115 79 1 0
spec 573 3 56 40 79 1 1
spec 680 3 58 15 79 1 1
spec 246 3 62 95 79 1 1
spec 292 3 63 47 79 1 0
spec 436 3 65 12 61 1 1
spec 90 3 77 115 79 1 0
spec 678 4 13 12 59 1 1
spec 416 4 63 12 59 1 0
spec 230 4 64 115 79 1 1
spec 258 4 65 31 79 1 1
spec 191 4 66 115 79 1 1
spec 235 4 67 115 79 1 1
spec 271 4 68 47 79 1 1
spec 209 4 69 89 79 1 0
spec 165 4 70 115 79 1 0
spec 170 4 71 89 79 1 0
spec 138 4 72 115 79 1 0
spec 50 4 73 115 79 1 0
spec 311 4 74 60 79 1 1
spec 296 4 79 34 79 1 1
spec 279 5 1 86 79 1 1
spec 386 5 2 115 79 1 1
spec 449 5 6 115 79 1 1
spec 554 5 7 37 79 1 0
spec 792 5 17 12 79 1 0
spec 544 5 19 50 79 1 1
spec 284 5 20 115 79 1 1
spec 264 5 21 115 79 1 0
spec 133 5 22 73 79 1 0
spec 252 5 23 44 79 1 1
spec 342 5 24 24 79 1 1
spec 581 5 31 47 79 1 0
spec 487 5 32 108 79 1 1
spec 203 5 33 105 79 1 0
spec 545 5 34 44 79 1 1
spec 339 5 35 66 79 1 0
spec 330 5 36 24 79 1 0
spec 146 5 37 115 79 1 0
spec 405 5 38 15 29 1 1
spec 348 6 0 115 79 1 1
spec 83 6 2 115 79 1 0
spec 449 6 5 115 79 1 1
spec 259 6 7 76 79 1 1
spec 964 6 19 44 79 1 0
spec 675 6 20 28 79 1 0
spec 709 6 21 108 79 1 0
spec 524 6 22 57 79 1 1
spec 192 6 31 60 79 1 1
spec 94 6 32 115 79 1 0
spec 270 6 33 105 79 1 1
spec 237 6 34 98 79 1 1
spec 160 6 35 115 79 1 0
spec 405 6 36 57 79 1 1
spec 510 6 37 40 79 1 1
spec 413 6 38 105 79 1 1
spec 504 6 39 115 79 1 1
spec 140 6 40 115 79 1 0
spec 286 6 41 40 79 1 1
spec 149 7 0 53 79 1 0
spec 520 7 1 63 79 1 1
spec 326 7 2 63 79 1 1
spec 554 7 5 37 79 1 1
spec 259 7 6 63 79 1 1
spec 973 7 19 63 79 1 0
spec 687 7 20 60 79 1 0
spec 669 7 22 63 79 1 0
spec 756 7 23 12 16 1 0
spec 755 7 29 15 79 1 0
spec 636 7 30 37 79 1 1
spec 419 7 31 63 79 1 1
spec 345 7 32 63 79 1 1
spec 449 7 33 63 79 1 1
spec 22 7 34 63 79 1 0
spec 228 7 35 63 79 1 1
spec 330 7 36 53 79 1 1
spec 288 7 38 60 79 1 1
spec 300 7 39 53 79 1 1
spec 155 7 40 63 79 1 1
spec 263 7 41 21 79 1 1
spec 61 8 14 115 79 1 0
spec 137 8 15 115 79 1 0
spec 248 8 16 115 79 1 1
spec 559 8 17 115 79 1 1
spec 862 8 18 115 79 1 1
spec 320 8 75 115 79 1 1
spec 123 13 3 115 79 1 0
spec 581 13 55 47 79 1 1
spec 465 13 56 24 79 1 0
spec 308 13 61 37 79 1 0
spec 124 13 62 98 79 1 0
spec 262 13 63 115 79 1 0
spec 421 13 65 28 61 1 1
spec 211 13 77 115 79 1 1
spec 61 14 8 115 79 1 0
spec 147 14 15 115 79 1 0
spec 190 14 16 108 79 1 0
spec 500 14 17 108 79 1 1
spec 803 14 18 108 79 1 1
spec 331 14 75 115 79 1 1
spec 137 15 8 115 79 1 0
spec 147 15 14 115 79 1 0
spec 244 15 16 53 79 1 0
spec 531 15 17 24 79 1 1
spec 829 15 18 18 79 1 1
spec 185 15 75 115 79 1 0
spec 248 16 8 115 79 1 1
spec 190 16 14 108 79 1 0
spec 244 16 15 53 79 1 0
spec 310 16 17 115 79 1 0
spec 613 16 18 115 79 1 1
spec 714 17 1 76 79 1 1
spec 792 17 5 12 79 1 0
spec 559 17 8 115 79 1 1
spec 500 17 14 108 79 1 1
spec 531 17 15 24 79 1 1
spec 310 17 16 115 79 1 0
spec 303 17 18 115 79 1 0
spec 262 17 19 115 79 1 0
spec 553 17 20 102 79 1 1
spec 996 17 33 12 79 1 0
spec 905 17 36 53 79 1 0
spec 713 17 37 73 79 1 1
spec 961 17 38 34 79 1 0
spec 862 18 8 115 79 1 1
spec 803 18 14 108 79 1 1
spec 829 18 15 18 79 1 1
spec 613 18 16 115 79 1 1
spec 303 18 17 115 79 1 0
spec 854 19 0 57 79 1 0
spec 453 19 1 76 79 1 1
spec 916 19 2 73 79 1 1
spec 544 19 5 50 79 1 1
spec 964 19 6 44 79 1 1
spec 973 19 7 63 79 1 0
spec 262 19 17 115 79 1 0
spec 290 19 20 105 79 1 0
spec 294 19 21 21 79 1 0
spec 560 19 22 18 79 1 1
spec 747 19 33 53 79 1 1
spec 973 19 34 73 79 1 0
spec 645 19 36 53 79 1 1
spec 453 19 37 86 79 1 1
spec 703 19 38 47 79 1 1
spec 578 20 0 89 79 1 1
spec 180 20 1 79 79 1 0
spec 632 20 2 53 79 1 1
spec 284 20 5 115 79 1 1
spec 675 20 6 28 79 1 1
spec 687 20 7 60 79 1 0
spec 553 20 17 102 79 1 1
spec 290 20 19 105 79 1 0
spec 157 20 21 115 79 1 0
spec 351 20 22 57 79 1 0
spec 462 20 23 21 79 1 1
spec 557 20 24 15 79 1 1
spec 837 20 31 50 79 1 0
spec 736 20 32 53 79 1 0
spec 477 20 33 98 79 1 1
spec 686 20 34 50 79 1 0
spec 365 20 36 57 79 1 1
spec 166 20 37 115 79 1 0
spec 432 20 38 86 79 1 1
spec 555 20 39 47 20 1 1
spec 684 21 0 47 79 1 0
spec 313 21 1 82 79 1 1
spec 650 21 2 115 79 1 1
spec 264 21 5 115 79 1 0
spec 709 21 6 108 79 1 1
spec 294 21 19 21 79 1 0
spec 157 21 20 115 79 1 0
spec 266 21 22 50 79 1 0
spec 845 21 31 47 79 1 0
spec 752 21 32 108 79 1 0
spec 467 21 33 105 79 1 1
spec 582 21 35 44 79 1 1
spec 476 21 36 60 79 1 1
spec 228 21 37 115 79 1 0
spec 550 21 38 79 79 1 1
spec 688 21 39 60 79 1 0
spec 798 21 40 47 79 1 0
spec 628 22 0 12 18 1 0
spec 397 22 1 73 79 1 1
spec 450 22 2 115 79 1 1
spec 133 22 5 115 79 1 0
spec 524 22 6 115 79 1 1
spec 669 22 7 63 79 1 0
spec 560 22 19 18 79 1 1
spec 351 22 20 115 79 1 0
spec 266 22 21 115 79 1 0
spec 123 22 23 53 79 1 0
spec 217 22 24 57 79 1 1
spec 622 22 31 40 79 1 1
spec 542 22 32 47 79 1 1
spec 255 22 33 53 79 1 0
spec 656 22 34 66 79 1 0
spec 444 22 35 63 79 1 1
spec 464 22 36 24 79 1 1
spec 258 22 37 115 79 1 1
spec 538 22 38 15 22 1 1
spec 732 23 0 24 79 1 0
spec 520 23 1 57 79 1 1
spec 252 23 5 47 79 1 1
spec 756 23 7 12 16 1 0
spec 462 23 20 21 79 1 1
spec 123 23 22 53 79 1 0
spec 95 23 24 53 79 1 0
spec 742 23 34 12 16 1 0
spec 528 23 35 12 16 1 0
spec 580 23 36 18 29 1 1
spec 381 23 37 57 79 1 1
spec 614 24 1 53 79 1 1
spec 342 24 5 28 79 1 1
spec 557 24 20 15 79 1 1
spec 217 24 22 53 79 1 1
spec 95 24 23 57 79 1 0
spec 128 24 25 44 79 1 0
spec 267 24 26 44 79 1 1
spec 427 24 27 44 79 1 1
spec 476 24 37 57 79 1 1
spec 128 25 24 44 79 1 0
spec 138 25 26 50 79 1 0
spec 298 25 27 57 79 1 1
spec 251 25 28 21 79 1 1
spec 267 26 24 44 79 1 1
spec 138 26 25 50 79 1 0
spec 160 26 27 115 79 1 0
spec 130 26 28 115 79 1 0
spec 427 27 24 40 79 1 1
spec 298 27 25 53 79 1 1
spec 160 27 26 115 79 1 0
spec 129 27 28 115 79 1 0
spec 251 28 25 21 79 1 1
spec 130 28 26 86 79 1 0
spec 129 28 27 69 79 1 0
spec 275 28 29 37 79 1 0
spec 755 29 7 15 79 1 0
spec 275 29 28 37 79 1 0
spec 120 29 30 53 79 1 0
spec 339 29 31 44 79 1 1
spec 732 29 34 15 79 1 0
spec 604 29 40 31 79 1 1
spec 636 30 7 34 79 1 1
spec 120 30 29 57 79 1 0
spec 218 30 31 44 79 1 0
spec 614 30 34 31 79 1 1
spec 484 30 40 115 79 1 0
spec 512 30 41 15 79 1 1
spec 532 31 0 63 79 1 1
spec 205 31 2 53 79 1 1
spec 581 31 5 47 79 1 1
spec 192 31 6 60 79 1 1
spec 419 31 7 66 79 1 1
spec 837 31 20 50 79 1 0
spec 845 31 21 47 79 1 0
spec 622 31 22 40 79 1 1
spec 339 31 29 44 79 1 1
spec 218 31 30 44 79 1 0
spec 105 31 32 57 79 1 0
spec 378 31 33 47 79 1 1
spec 397 31 34 66 79 1 1
spec 349 31 35 57 79 1 1
spec 596 31 36 57 79 1 1
spec 671 31 37 50 79 1 0
spec 606 31 38 60 79 1 1
spec 691 31 39 63 79 1 0
spec 266 31 40 66 79 1 1
spec 310 31 41 21 79 1 0
spec 442 32 0 115 79 1 1
spec 103 32 2 115 79 1 0
spec 487 32 5 115 79 1 1
spec 94 32 6 115 79 1 0
spec 345 32 7 76 79 1 1
spec 736 32 20 53 79 1 0
spec 752 32 21 115 79 1 0
spec 542 32 22 47 79 1 1
spec 105 32 31 57 79 1 0
spec 290 32 33 102 79 1 1
spec 323 32 34 98 79 1 1
spec 245 32 35 115 79 1 1
spec 492 32 36 60 79 1 1
spec 569 32 37 53 79 1 1
spec 505 32 38 102 79 1 1
spec 598 32 39 115 79 1 1
spec 206 32 40 115 79 1 1
spec 308 32 41 31 79 1 0
spec 452 33 0 92 79 1 1
spec 414 33 1 44 79 1 1
spec 195 33 2 95 79 1 0
spec 203 33 5 95 79 1 0
spec 270 33 6 95 79 1 1
spec 449 33 7 73 79 1 1
spec 996 33 17 12 79 1 0
spec 747 33 19 53 79 1 0
spec 477 33 20 95 79 1 0
spec 467 33 21 95 79 1 1
spec 255 33 22 53 79 1 0
spec 378 33 31 47 79 1 1
spec 290 33 32 95 79 1 1
spec 433 33 34 95 79 1 1
spec 222 33 35 95 79 1 0
spec 364 33 36 15 22 1 0
spec 316 33 37 82 79 1 1
spec 419 33 38 47 79 1 1
spec 395 33 40 95 79 1 1
spec 162 34 0 66 79 1 1
spec 521 34 1 76 79 1 1
spec 305 34 2 86 79 1 1
spec 545 34 5 44 79 1 1
spec 237 34 6 86 79 1 1
spec 22 34 7 76 79 1 0
spec 973 34 19 73 79 1 0
spec 686 34 20 50 79 1 0
spec 656 34 22 66 79 1 0
spec 742 34 23 12 16 1 0
spec 732 34 29 15 79 1 0
spec 614 34 30 28 79 1 1
spec 397 34 31 66 79 1 1
spec 323 34 32 86 79 1 1
spec 433 34 33 86 79 1 1
spec 213 34 35 86 79 1 0
spec 333 34 36 53 79 1 1
spec 296 34 38 76 79 1 0
spec 317 34 39 60 79 1 0
spec 134 34 40 86 79 1 0
spec 251 34 41 24 79 1 0
spec 242 35 0 115 79 1 0
spec 393 35 1 15 27 1 1
spec 164 35 2 115 79 1 0
spec 339 35 5 66 79 1 0
spec 160 35 6 115 79 1 0
spec 228 35 7 73 79 1 1
spec 582 35 21 44 79 1 0
spec 444 35 22 63 79 1 0
spec 528 35 23 12 16 1 0
spec 349 35 31 57 79 1 1
spec 245 35 32 115 79 1 1
spec 222 35 33 111 79 1 0
spec 213 35 34 95 79 1 0
spec 246 35 36 57 79 1 0
spec 368 35 37 18 29 1 0
spec 263 35 38 92 79 1 0
spec 379 35 39 115 79 1 1
spec 215 35 40 115 79 1 0
spec 388 35 41 53 79 1 1
spec 212 36 0 53 79 1 1
spec 191 36 1 53 79 1 0
spec 404 36 2 53 79 1 1
spec 330 36 5 24 79 1 0
spec 405 36 6 53 79 1 1
spec 330 36 7 53 79 1 1
spec 905 36 17 53 79 1 0
spec 645 36 19 53 79 1 0
spec 365 36 20 53 79 1 1
spec 476 36 21 53 79 1 1
spec 464 36 22 24 79 1 1
spec 580 36 23 18 29 1 0
spec 596 36 31 53 79 1 0
spec 492 36 32 53 79 1 0
spec 364 36 33 15 22 1 0
spec 333 36 34 53 79 1 1
spec 246 36 35 53 79 1 0
spec 252 36 37 53 79 1 0
spec 78 36 38 53 79 1 0
spec 230 36 39 53 79 1 1
spec 417 36 40 53 79 1 1
spec 457 37 0 37 79 1 1
spec 138 37 1 86 79 1 0
spec 466 37 2 53 79 1 1
spec 146 37 5 115 79 1 0
spec 510 37 6 40 79 1 1
spec 713 37 17 73 79 1 0
spec 453 37 19 86 79 1 1
spec 166 37 20 115 79 1 0
spec 228 37 21 115 79 1 0
spec 258 37 22 76 79 1 1
spec 381 37 23 57 79 1 1
spec 476 37 24 50 79 1 1
spec 671 37 31 50 79 1 0
spec 569 37 32 53 79 1 0
spec 316 37 33 82 79 1 1
spec 368 37 35 18 29 1 0
spec 252 37 36 57 79 1 0
spec 328 37 38 60 79 1 1
spec 475 37 39 76 79 1 1
spec 152 38 0 111 79 1 0
spec 253 38 1 69 79 1 1
spec 427 38 2 92 79 1 1
spec 405 38 5 15 27 1 1
spec 413 38 6 105 79 1 1
spec 288 38 7 60 79 1 1
spec 961 38 17 34 79 1 0
spec 703 38 19 47 79 1 0
spec 432 38 20 86 79 1 1
spec 550 38 21 79 79 1 0
spec 538 38 22 12 20 1 1
spec 606 38 31 60 79 1 0
spec 505 38 32 102 79 1 1
spec 419 38 33 47 79 1 1
spec 296 38 34 76 79 1 0
spec 263 38 35 92 79 1 0
spec 78 38 36 44 79 1 0
spec 328 38 37 60 79 1 1
spec 155 38 39 102 79 1 0
spec 399 38 40 111 79 1 1
spec 160 39 0 95 79 1 0
spec 377 39 1 53 79 1 1
spec 539 39 2 115 79 1 1
spec 560 39 5 18 27 1 0
spec 504 39 6 115 79 1 1
spec 300 39 7 53 79 1 1
spec 555 39 20 47 22 1 1
spec 688 39 21 60 79 1 0
spec 694 39 22 15 27 1 0
spec 691 39 31 63 79 1 0
spec 598 39 32 115 79 1 1
spec 564 39 33 66 79 1 1
spec 317 39 34 60 79 1 0
spec 379 39 35 115 79 1 1
spec 230 39 36 47 79 1 1
spec 475 39 37 76 79 1 1
spec 155 39 38 102 79 1 0
spec 446 39 40 82 79 1 1
spec 558 39 41 12 79 1 1
spec 287 40 0 86 79 1 1
spec 592 40 1 47 79 1 0
spec 223 40 2 115 79 1 1
spec 550 40 5 86 79 1 1
spec 140 40 6 115 79 1 0
spec 155 40 7 76 79 1 1
spec 798 40 21 47 79 1 0
spec 643 40 22 60 79 1 0
spec 604 40 29 34 79 1 0
spec 484 40 30 37 79 1 0
spec 266 40 31 69 79 1 1
spec 206 40 32 115 79 1 1
spec 395 40 33 108 79 1 1
spec 134 40 34 95 79 1 0
spec 215 40 35 115 79 1 0
spec 417 40 36 53 79 1 1
spec 399 40 38 115 79 1 1
spec 446 40 39 82 79 1 1
spec 172 40 41 53 79 1 0
spec 483 40 42 50 79 1 1
spec 411 41 0 18 79 1 1
spec 758 41 1 47 79 1 0
spec 368 41 2 37 79 1 1
spec 721 41 5 47 79 1 0
spec 286 41 6 40 79 1 1
spec 263 41 7 21 79 1 1
spec 971 41 21 50 79 1 0
spec 808 41 22 44 79 1 0
spec 512 41 30 15 79 1 1
spec 310 41 31 21 79 1 0
spec 308 41 32 31 79 1 0
spec 556 41 33 40 79 1 1
spec 251 41 34 24 79 1 0
spec 388 41 35 53 79 1 1
spec 576 41 36 40 79 1 1
spec 546 41 38 31 79 1 1
spec 558 41 39 12 79 1 1
spec 172 41 40 53 79 1 0
spec 310 41 42 60 79 1 0
spec 598 41 52 21 79 1 1
spec 698 42 35 44 79 1 1
spec 483 42 40 50 79 1 1
spec 310 42 41 60 79 1 0
spec 259 42 43 111 79 1 0
spec 183 42 44 53 79 1 0
spec 475 42 45 50 79 1 1
spec 467 42 46 18 29 1 1
spec 298 42 47 40 79 1 0
spec 682 42 48 37 79 1 1
spec 416 42 49 47 79 1 1
spec 815 42 51 15 14 1 1
spec 344 42 52 69 79 1 0
spec 292 42 76 50 79 1 1
spec 259 43 42 108 79 1 0
spec 441 43 44 60 79 1 1
spec 734 43 45 60 79 1 1
spec 632 43 46 47 79 1 1
spec 272 43 52 98 79 1 0
spec 448 43 53 86 79 1 1
spec 681 43 54 53 79 1 1
spec 930 43 55 24 79 1 1
spec 551 43 76 44 79 1 1
spec 183 44 42 53 79 1 0
spec 441 44 43 60 79 1 1
spec 292 44 45 60 79 1 1
spec 393 44 46 115 79 1 1
spec 199 44 47 115 79 1 0
spec 545 44 48 12 12 1 1
spec 283 44 49 108 79 1 1
spec 458 44 50 12 10 1 1
spec 361 44 53 47 79 1 1
spec 594 44 54 82 79 1 1
spec 837 44 55 47 79 1 1
spec 116 44 76 92 79 1 0
spec 475 45 42 50 79 1 1
spec 734 45 43 60 79 1 1
spec 292 45 44 60 79 1 1
spec 451 45 46 31 79 1 1
spec 325 45 47 89 79 1 0
spec 280 45 49 31 79 1 0
spec 232 45 50 50 79 1 0
spec 501 45 51 31 79 1 1
spec 728 45 52 28 79 1 0
spec 544 45 53 86 79 1 1
spec 700 45 54 34 79 1 1
spec 189 45 76 115 79 1 0
spec 767 46 41 12 79 1 0
spec 467 46 42 18 29 1 1
spec 632 46 43 47 79 1 1
spec 393 46 44 115 79 1 1
spec 451 46 45 31 79 1 1
spec 194 46 47 115 79 1 0
spec 287 46 48 73 79 1 0
spec 171 46 49 108 79 1 0
spec 425 46 51 66 79 1 1
spec 459 46 52 76 79 1 1
spec 206 46 53 115 79 1 0
spec 249 46 54 79 79 1 0
spec 457 46 55 15 79 1 1
spec 939 46 62 28 79 1 0
spec 433 46 76 92 79 1 1
spec 298 47 42 40 79 1 0
spec 199 47 44 115 79 1 0
spec 325 47 45 89 79 1 0
spec 194 47 46 115 79 1 0
spec 385 47 48 47 79 1 1
spec 124 47 49 108 79 1 0
spec 521 47 51 34 79 1 0
spec 423 47 52 79 79 1 1
spec 219 47 53 111 79 1 0
spec 409 47 54 92 79 1 1
spec 643 47 55 34 79 1 1
spec 810 47 56 12 79 1 1
spec 250 47 76 105 79 1 0
spec 682 48 42 37 79 1 1
spec 545 48 44 12 12 1 1
spec 287 48 46 73 79 1 0
spec 385 48 47 47 79 1 1
spec 267 48 49 31 79 1 0
spec 231 48 50 40 79 1 0
spec 140 48 51 95 79 1 0
spec 745 48 52 76 79 1 1
spec 492 48 53 82 79 1 1
spec 416 49 42 47 79 1 1
spec 283 49 44 82 79 1 1
spec 280 49 45 31 79 1 0
spec 171 49 46 82 79 1 0
spec 124 49 47 82 79 1 0
spec 267 49 48 31 79 1 0
spec 399 49 51 21 79 1 1
spec 533 49 52 82 79 1 1
spec 301 49 53 82 79 1 1
spec 419 49 54 82 79 1 1
spec 287 49 76 82 79 1 0
spec 458 50 44 12 10 1 1
spec 232 50 45 50 79 1 0
spec 231 50 48 40 79 1 0
spec 274 50 51 76 79 1 0
spec 389 50 76 24 79 1 1
spec 815 51 42 15 14 1 1
spec 501 51 45 31 79 1 1
spec 425 51 46 66 79 1 1
spec 521 51 47 34 79 1 0
spec 140 51 48 95 79 1 0
spec 399 51 49 21 79 1 1
spec 274 51 50 63 79 1 0
spec 884 51 52 69 79 1 1
spec 631 51 53 69 79 1 1
spec 581 51 54 31 22 1 0
spec 966 52 2 28 79 1 0
spec 885 52 6 18 79 1 0
spec 598 52 41 21 79 1 1
spec 344 52 42 69 79 1 0
spec 272 52 43 89 79 1 0
spec 728 52 45 28 79 1 0
spec 459 52 46 76 79 1 1
spec 423 52 47 79 79 1 1
spec 745 52 48 76 79 1 1
spec 533 52 49 82 79 1 1
spec 884 52 51 69 79 1 1
spec 253 52 53 76 79 1 0
spec 432 52 54 12 79 1 1
spec 829 53 40 15 22 1 1
spec 656 53 41 15 25 1 0
spec 448 53 43 86 79 1 1
spec 361 53 44 47 79 1 1
spec 544 53 45 86 79 1 1
spec 206 53 46 115 79 1 0
spec 219 53 47 111 79 1 0
spec 492 53 48 82 79 1 1
spec 301 53 49 108 79 1 1
spec 631 53 51 69 79 1 1
spec 253 53 52 76 79 1 0
spec 258 53 54 115 79 1 0
spec 515 53 55 111 79 1 1
spec 688 53 56 111 79 1 1
spec 706 53 58 18 79 1 1
spec 450 53 76 60 79 1 1
spec 914 54 41 12 16 1 1
spec 681 54 43 53 79 1 1
spec 594 54 44 82 79 1 1
spec 700 54 45 34 79 1 1
spec 249 54 46 79 79 1 0
spec 409 54 47 92 79 1 1
spec 419 54 49 82 79 1 1
spec 581 54 51 31 22 1 0
spec 432 54 52 12 79 1 1
spec 258 54 53 115 79 1 0
spec 257 54 55 115 79 1 0
spec 430 54 56 115 79 1 1
spec 456 54 58 28 79 1 1
spec 660 54 76 92 79 1 1
spec 581 55 13 47 79 1 1
spec 930 55 43 24 79 1 1
spec 837 55 44 47 79 1 1
spec 457 55 46 15 79 1 1
spec 643 55 47 34 79 1 1
spec 515 55 53 111 79 1 1
spec 257 55 54 115 79 1 0
spec 172 55 56 115 79 1 0
spec 325 55 57 12 79 1 1
spec 217 55 58 50 79 1 0
spec 300 55 61 15 79 1 0
spec 484 55 62 40 79 1 0
spec 788 55 63 18 79 1 1
spec 890 55 76 21 79 1 1
spec 573 56 3 40 79 1 1
spec 465 56 13 24 79 1 0
spec 810 56 47 12 79 1 1
spec 688 56 53 111 79 1 1
spec 430 56 54 115 79 1 1
spec 172 56 55 115 79 1 0
spec 286 56 57 115 79 1 1
spec 121 56 58 63 79 1 0
spec 580 56 59 115 79 1 1
spec 854 56 60 79 79 1 1
spec 257 56 61 115 79 1 0
spec 645 56 77 12 79 1 1
spec 325 57 55 12 79 1 1
spec 286 57 56 115 79 1 1
spec 166 57 58 69 79 1 0
spec 295 57 59 115 79 1 0
spec 569 57 60 86 79 1 1
spec 542 57 61 115 79 1 1
spec 918 57 77 18 79 1 1
spec 680 58 3 15 79 1 1
spec 706 58 53 18 79 1 1
spec 456 58 54 31 79 1 1
spec 217 58 55 53 79 1 0
spec 121 58 56 115 79 1 0
spec 166 58 57 115 79 1 0
spec 460 58 59 115 79 1 1
spec 733 58 60 89 79 1 1
spec 379 58 61 115 79 1 1
spec 756 58 77 28 79 1 0
spec 580 59 56 115 79 1 1
spec 295 59 57 115 79 1 0
spec 460 59 58 73 79 1 1
spec 274 59 60 82 79 1 0
spec 836 59 61 115 79 1 1
spec 854 60 56 115 79 1 1
spec 569 60 57 115 79 1 1
spec 733 60 58 73 79 1 1
spec 274 60 59 115 79 1 0
spec 273 60 78 50 79 1 0
spec 308 61 13 37 79 1 0
spec 300 61 55 15 79 1 0
spec 257 61 56 115 79 1 0
spec 542 61 57 115 79 1 1
spec 379 61 58 63 79 1 1
spec 836 61 59 115 79 1 1
spec 252 61 62 115 79 1 0
spec 554 61 63 69 79 1 1
spec 713 61 65 21 61 1 1
spec 246 62 3 95 79 1 1
spec 124 62 13 98 79 1 0
spec 939 62 46 28 79 1 0
spec 484 62 55 40 79 1 0
spec 252 62 61 115 79 1 0
spec 308 62 63 47 79 1 0
spec 465 62 65 18 61 1 1
spec 332 62 77 95 79 1 1
spec 292 63 3 47 79 1 0
spec 262 63 13 115 79 1 0
spec 788 63 55 18 79 1 1
spec 554 63 61 69 79 1 1
spec 308 63 62 47 79 1 0
spec 160 63 65 28 61 1 0
spec 553 63 72 18 61 1 0
spec 358 63 77 18 79 1 1
spec 190 64 63 24 59 1 1
spec 33 64 65 24 79 1 0
spec 42 64 66 115 79 1 0
spec 162 64 67 115 79 1 0
spec 110 64 68 50 79 1 0
spec 365 64 69 60 79 1 1
spec 173 64 70 115 79 1 1
spec 378 64 71 76 79 1 1
spec 365 64 72 115 79 1 1
spec 184 64 73 115 79 1 1
spec 436 65 3 12 61 1 1
spec 421 65 13 28 61 1 1
spec 713 65 61 21 61 1 1
spec 465 65 62 18 61 1 1
spec 160 65 63 28 61 1 0
spec 74 65 66 15 79 1 0
spec 164 65 67 115 79 9 0
spec 395 65 69 24 79 1 1
spec 203 65 70 115 79 1 0
spec 402 65 71 24 79 1 1
spec 394 65 72 115 79 1 1
spec 212 65 73 115 79 1 0
spec 42 66 64 115 79 1 0
spec 74 66 65 28 79 1 1
spec 153 66 67 115 79 1 0
spec 332 66 69 63 79 1 1
spec 148 66 70 115 79 1 0
spec 341 66 71 79 79 1 1
spec 326 66 72 115 79 1 1
spec 144 66 73 115 79 1 0
spec 442 66 74 12 79 1 1
spec 162 67 64 115 79 1 0
spec 153 67 66 115 79 1 0
spec 431 67 69 57 79 1 1
spec 284 67 70 115 79 1 1
spec 314 67 71 50 79 1 0
spec 366 67 72 115 79 1 1
spec 192 67 73 115 79 1 0
spec 110 68 64 12 79 1 0
spec 338 68 69 34 79 1 1
spec 140 68 70 53 79 1 0
spec 437 68 71 34 79 1 1
spec 386 68 72 40 79 1 1
spec 234 68 73 34 79 1 0
spec 555 68 74 21 79 1 1
spec 365 69 64 60 79 1 1
spec 395 69 65 24 79 1 1
spec 332 69 66 63 79 1 1
spec 431 69 67 66 79 1 1
spec 338 69 68 34 79 1 1
spec 200 69 70 44 79 1 0
spec 304 69 71 115 79 1 1
spec 161 69 72 115 79 1 0
spec 240 69 73 79 79 1 0
spec 466 69 74 115 79 1 1
spec 476 69 79 115 79 1 0
spec 173 70 64 115 79 1 1
spec 203 70 65 21 79 1 1
spec 148 70 66 115 79 1 0
spec 284 70 67 115 79 1 1
spec 140 70 68 53 79 1 0
spec 200 70 69 44 79 1 0
spec 333 70 71 89 79 1 1
spec 254 70 72 115 79 1 0
spec 148 70 73 115 79 1 0
spec 474 70 74 50 79 1 1
spec 451 70 79 15 79 1 0
spec 378 71 64 76 79 1 1
spec 402 71 65 24 79 1 1
spec 341 71 66 79 79 1 1
spec 314 71 67 50 79 1 0
spec 437 71 68 50 79 1 1
spec 304 71 69 115 79 1 1
spec 333 71 70 89 79 1 1
spec 147 71 72 115 79 1 0
spec 203 71 73 82 79 1 0
spec 162 71 74 115 79 1 0
spec 181 71 79 115 79 1 0
spec 553 72 63 18 59 1 0
spec 365 72 64 115 79 1 1
spec 394 72 65 28 79 1 1
spec 326 72 66 115 79 1 1
spec 366 72 67 115 79 1 1
spec 386 72 68 47 79 1 1
spec 161 72 69 115 79 1 0
spec 254 72 70 115 79 1 0
spec 147 72 71 115 79 1 0
spec 187 72 73 115 79 1 0
spec 308 72 74 115 79 1 1
spec 326 72 79 115 79 1 1
spec 184 73 64 115 79 1 1
spec 212 73 65 28 79 1 1
spec 144 73 66 115 79 1 0
spec 192 73 67 115 79 1 0
spec 234 73 68 53 79 1 0
spec 240 73 69 79 79 1 0
spec 148 73 70 115 79 1 0
spec 203 73 71 82 79 1 0
spec 187 73 72 115 79 1 0
spec 329 73 74 40 79 1 1
spec 303 73 79 12 79 1 0
spec 442 74 66 12 79 1 1
spec 555 74 68 21 79 1 1
spec 466 74 69 115 79 1 1
spec 474 74 70 50 79 1 1
spec 162 74 71 115 79 1 0
spec 308 74 72 115 79 1 1
spec 329 74 73 40 79 1 1
spec 75 74 79 115 79 1 0
spec 320 75 8 115 79 1 1
spec 331 75 14 115 79 1 1
spec 185 75 15 115 79 1 0
spec 292 76 42 50 79 1 1
spec 551 76 43 44 79 1 1
spec 116 76 44 92 79 1 0
spec 189 76 45 115 79 1 0
spec 433 76 46 92 79 1 1
spec 250 76 47 105 79 1 0
spec 287 76 49 92 79 1 0
spec 389 76 50 24 79 1 1
spec 450 76 53 60 79 1 1
spec 660 76 54 92 79 1 1
spec 890 76 55 21 79 1 1
spec 90 77 3 115 79 1 0
spec 211 77 13 115 79 1 1
spec 645 77 56 12 79 1 1
spec 918 77 57 18 79 1 1
spec 756 77 58 28 79 1 0
spec 332 77 62 95 79 1 1
spec 358 77 63 18 79 1 1
spec 273 78 60 47 79 1 0
spec 476 79 69 115 79 1 0
spec 451 79 70 15 79 1 0
spec 181 79 71 115 79 1 0
spec 326 79 72 115 79 1 1
spec 303 79 73 12 79 1 0
spec 75 79 74 115 79 1 0
