# pathlab-define.dx navs 40 specs 281
nav 0 A_N00 PathNode loc -3900.0 0.0 -216.0 P 0 -1 -1 -1 -1 -1 -1 -1 -1 -1 -1 -1 -1 -1 -1 -1 U 3 -1 -1 -1 -1 -1 -1 -1 -1 -1 -1 -1 -1 -1 -1 -1 PR 2 1 -1 -1 -1 -1 -1 -1 -1 -1 -1 -1 -1 -1 -1 -1 VNR -1 -1 -1 -1 -1 -1 -1 -1 -1 -1 -1 -1 -1 -1 -1 -1
nav 1 A_N01 PathNode loc -3800.0 0.0 -216.0 P 4 3 -1 -1 -1 -1 -1 -1 -1 -1 -1 -1 -1 -1 -1 -1 U 8 0 -1 -1 -1 -1 -1 -1 -1 -1 -1 -1 -1 -1 -1 -1 PR 6 5 -1 -1 -1 -1 -1 -1 -1 -1 -1 -1 -1 -1 -1 -1 VNR -1 -1 -1 -1 -1 -1 -1 -1 -1 -1 -1 -1 -1 -1 -1 -1
nav 2 A_N02 PathNode loc -3600.0 0.0 -216.0 P 9 8 -1 -1 -1 -1 -1 -1 -1 -1 -1 -1 -1 -1 -1 -1 U 13 4 -1 -1 -1 -1 -1 -1 -1 -1 -1 -1 -1 -1 -1 -1 PR 10 7 -1 -1 -1 -1 -1 -1 -1 -1 -1 -1 -1 -1 -1 -1 VNR -1 -1 -1 -1 -1 -1 -1 -1 -1 -1 -1 -1 -1 -1 -1 -1
nav 3 A_N03 PathNode loc -3300.0 0.0 -216.0 P 14 13 -1 -1 -1 -1 -1 -1 -1 -1 -1 -1 -1 -1 -1 -1 U 18 9 -1 -1 -1 -1 -1 -1 -1 -1 -1 -1 -1 -1 -1 -1 PR 15 11 12 -1 -1 -1 -1 -1 -1 -1 -1 -1 -1 -1 -1 -1 VNR -1 -1 -1 -1 -1 -1 -1 -1 -1 -1 -1 -1 -1 -1 -1 -1
nav 4 A_N04 PathNode loc -2900.0 0.0 -216.0 P 19 18 -1 -1 -1 -1 -1 -1 -1 -1 -1 -1 -1 -1 -1 -1 U 21 14 -1 -1 -1 -1 -1 -1 -1 -1 -1 -1 -1 -1 -1 -1 PR 16 17 -1 -1 -1 -1 -1 -1 -1 -1 -1 -1 -1 -1 -1 -1 VNR -1 -1 -1 -1 -1 -1 -1 -1 -1 -1 -1 -1 -1 -1 -1 -1
nav 5 A_N05 PathNode loc -2400.0 0.0 -216.0 P 22 21 -1 -1 -1 -1 -1 -1 -1 -1 -1 -1 -1 -1 -1 -1 U 23 19 -1 -1 -1 -1 -1 -1 -1 -1 -1 -1 -1 -1 -1 -1 PR 20 -1 -1 -1 -1 -1 -1 -1 -1 -1 -1 -1 -1 -1 -1 -1 VNR -1 -1 -1 -1 -1 -1 -1 -1 -1 -1 -1 -1 -1 -1 -1 -1
nav 6 A_N06 PathNode loc -1800.0 0.0 -216.0 P 24 23 -1 -1 -1 -1 -1 -1 -1 -1 -1 -1 -1 -1 -1 -1 U 25 22 -1 -1 -1 -1 -1 -1 -1 -1 -1 -1 -1 -1 -1 -1 PR -1 -1 -1 -1 -1 -1 -1 -1 -1 -1 -1 -1 -1 -1 -1 -1 VNR -1 -1 -1 -1 -1 -1 -1 -1 -1 -1 -1 -1 -1 -1 -1 -1
nav 7 A_N07 PathNode loc -1100.0 0.0 -216.0 P 26 25 -1 -1 -1 -1 -1 -1 -1 -1 -1 -1 -1 -1 -1 -1 U 27 24 -1 -1 -1 -1 -1 -1 -1 -1 -1 -1 -1 -1 -1 -1 PR -1 -1 -1 -1 -1 -1 -1 -1 -1 -1 -1 -1 -1 -1 -1 -1 VNR -1 -1 -1 -1 -1 -1 -1 -1 -1 -1 -1 -1 -1 -1 -1 -1
nav 8 A_N08 PathNode loc -300.0 0.0 -216.0 P 28 27 -1 -1 -1 -1 -1 -1 -1 -1 -1 -1 -1 -1 -1 -1 U 29 26 -1 -1 -1 -1 -1 -1 -1 -1 -1 -1 -1 -1 -1 -1 PR -1 -1 -1 -1 -1 -1 -1 -1 -1 -1 -1 -1 -1 -1 -1 -1 VNR 10 -1 -1 -1 -1 -1 -1 -1 -1 -1 -1 -1 -1 -1 -1 -1
nav 9 A_N09 PathNode loc 600.0 0.0 -216.0 P 29 -1 -1 -1 -1 -1 -1 -1 -1 -1 -1 -1 -1 -1 -1 -1 U 28 -1 -1 -1 -1 -1 -1 -1 -1 -1 -1 -1 -1 -1 -1 -1 PR -1 -1 -1 -1 -1 -1 -1 -1 -1 -1 -1 -1 -1 -1 -1 -1 VNR 10 -1 -1 -1 -1 -1 -1 -1 -1 -1 -1 -1 -1 -1 -1 -1
nav 10 A_N10 PathNode loc 1600.0 0.0 -216.0 P -1 -1 -1 -1 -1 -1 -1 -1 -1 -1 -1 -1 -1 -1 -1 -1 U -1 -1 -1 -1 -1 -1 -1 -1 -1 -1 -1 -1 -1 -1 -1 -1 PR -1 -1 -1 -1 -1 -1 -1 -1 -1 -1 -1 -1 -1 -1 -1 -1 VNR 11 9 8 -1 -1 -1 -1 -1 -1 -1 -1 -1 -1 -1 -1 -1
nav 11 A_N11 PathNode loc 2700.0 0.0 -216.0 P -1 -1 -1 -1 -1 -1 -1 -1 -1 -1 -1 -1 -1 -1 -1 -1 U -1 -1 -1 -1 -1 -1 -1 -1 -1 -1 -1 -1 -1 -1 -1 -1 PR -1 -1 -1 -1 -1 -1 -1 -1 -1 -1 -1 -1 -1 -1 -1 -1 VNR 12 10 -1 -1 -1 -1 -1 -1 -1 -1 -1 -1 -1 -1 -1 -1
nav 12 A_N12 PathNode loc 3900.0 0.0 -216.0 P -1 -1 -1 -1 -1 -1 -1 -1 -1 -1 -1 -1 -1 -1 -1 -1 U -1 -1 -1 -1 -1 -1 -1 -1 -1 -1 -1 -1 -1 -1 -1 -1 PR -1 -1 -1 -1 -1 -1 -1 -1 -1 -1 -1 -1 -1 -1 -1 -1 VNR 11 -1 -1 -1 -1 -1 -1 -1 -1 -1 -1 -1 -1 -1 -1 -1
nav 13 B_Floor0 PathNode loc -900.0 2048.0 -216.0 P 31 30 -1 -1 -1 -1 -1 -1 -1 -1 -1 -1 -1 -1 -1 -1 U 149 52 40 -1 -1 -1 -1 -1 -1 -1 -1 -1 -1 -1 -1 -1 PR 39 38 37 36 35 34 33 32 -1 -1 -1 -1 -1 -1 -1 -1 VNR 32 30 -1 -1 -1 -1 -1 -1 -1 -1 -1 -1 -1 -1 -1 -1
nav 14 B_N01 PathNode loc -700.0 2048.0 -200.0 P 43 41 40 42 -1 -1 -1 -1 -1 -1 -1 -1 -1 -1 -1 -1 U 79 53 30 65 -1 -1 -1 -1 -1 -1 -1 -1 -1 -1 -1 -1 PR 51 50 49 48 47 46 45 44 -1 -1 -1 -1 -1 -1 -1 -1 VNR 32 30 -1 -1 -1 -1 -1 -1 -1 -1 -1 -1 -1 -1 -1 -1
nav 15 B_F01 PathNode loc -700.0 2288.0 -216.0 P 52 54 53 55 -1 -1 -1 -1 -1 -1 -1 -1 -1 -1 -1 -1 U 31 66 41 80 -1 -1 -1 -1 -1 -1 -1 -1 -1 -1 -1 -1 PR 63 62 61 60 58 59 56 57 -1 -1 -1 -1 -1 -1 -1 -1 VNR 32 30 -1 -1 -1 -1 -1 -1 -1 -1 -1 -1 -1 -1 -1 -1
nav 16 B_N02 PathNode loc -520.0 2048.0 -184.0 P 69 66 67 65 68 -1 -1 -1 -1 -1 -1 -1 -1 -1 -1 -1 U 110 54 81 42 94 -1 -1 -1 -1 -1 -1 -1 -1 -1 -1 -1 PR 77 76 75 74 73 72 71 70 64 -1 -1 -1 -1 -1 -1 -1 VNR 32 30 -1 -1 -1 -1 -1 -1 -1 -1 -1 -1 -1 -1 -1 -1
nav 17 B_F02 PathNode loc -520.0 2288.0 -216.0 P 82 79 81 83 80 -1 -1 -1 -1 -1 -1 -1 -1 -1 -1 -1 U 95 43 67 111 55 -1 -1 -1 -1 -1 -1 -1 -1 -1 -1 -1 PR 90 89 88 87 86 84 85 78 -1 -1 -1 -1 -1 -1 -1 -1 VNR 32 30 -1 -1 -1 -1 -1 -1 -1 -1 -1 -1 -1 -1 -1 -1
nav 18 B_N03 PathNode loc -340.0 2048.0 -176.0 P 98 95 96 97 94 -1 -1 -1 -1 -1 -1 -1 -1 -1 -1 -1 U 141 82 112 125 68 -1 -1 -1 -1 -1 -1 -1 -1 -1 -1 -1 PR 106 105 104 103 102 101 100 99 93 91 92 -1 -1 -1 -1 -1 VNR 32 30 -1 -1 -1 -1 -1 -1 -1 -1 -1 -1 -1 -1 -1 -1
nav 19 B_F03 PathNode loc -340.0 2288.0 -216.0 P 113 110 112 114 111 -1 -1 -1 -1 -1 -1 -1 -1 -1 -1 -1 U 126 69 96 142 83 -1 -1 -1 -1 -1 -1 -1 -1 -1 -1 -1 PR 119 118 117 116 115 107 108 109 -1 -1 -1 -1 -1 -1 -1 -1 VNR 32 30 -1 -1 -1 -1 -1 -1 -1 -1 -1 -1 -1 -1 -1 -1
nav 20 B_N04 PathNode loc -160.0 2048.0 -168.0 P 129 126 127 128 125 -1 -1 -1 -1 -1 -1 -1 -1 -1 -1 -1 U 173 113 143 156 97 -1 -1 -1 -1 -1 -1 -1 -1 -1 -1 -1 PR 135 134 133 132 131 130 122 124 120 121 123 -1 -1 -1 -1 -1 VNR 32 30 -1 -1 -1 -1 -1 -1 -1 -1 -1 -1 -1 -1 -1 -1
nav 21 B_F04 PathNode loc -160.0 2288.0 -216.0 P 141 143 144 142 -1 -1 -1 -1 -1 -1 -1 -1 -1 -1 -1 -1 U 157 98 127 174 114 -1 -1 -1 -1 -1 -1 -1 -1 -1 -1 -1 PR 148 147 146 145 136 137 138 139 140 -1 -1 -1 -1 -1 -1 -1 VNR 32 30 -1 -1 -1 -1 -1 -1 -1 -1 -1 -1 -1 -1 -1 -1
nav 22 B_N05 PathNode loc 20.0 2048.0 -160.0 P 160 157 158 159 156 -1 -1 -1 -1 -1 -1 -1 -1 -1 -1 -1 U 188 128 -1 -1 -1 -1 -1 -1 -1 -1 -1 -1 -1 -1 -1 -1 PR 165 164 163 162 161 151 153 155 150 152 154 -1 -1 -1 -1 -1 VNR 32 30 -1 -1 -1 -1 -1 -1 -1 -1 -1 -1 -1 -1 -1 -1
nav 23 B_F05 PathNode loc 20.0 2288.0 -216.0 P 173 175 174 -1 -1 -1 -1 -1 -1 -1 -1 -1 -1 -1 -1 -1 U 189 129 158 202 144 -1 -1 -1 -1 -1 -1 -1 -1 -1 -1 -1 PR 179 178 177 176 166 167 168 169 170 171 172 -1 -1 -1 -1 -1 VNR 32 30 24 -1 -1 -1 -1 -1 -1 -1 -1 -1 -1 -1 -1 -1
nav 24 B_N06 PathNode loc 200.0 2048.0 -152.0 P 194 192 189 190 191 188 -1 -1 -1 -1 -1 -1 -1 -1 -1 -1 U 215 159 -1 -1 -1 -1 -1 -1 -1 -1 -1 -1 -1 -1 -1 -1 PR 193 180 181 183 185 187 182 184 186 -1 -1 -1 -1 -1 -1 -1 VNR 32 30 -1 -1 -1 -1 -1 -1 -1 -1 -1 -1 -1 -1 -1 -1
nav 25 B_F06 PathNode loc 200.0 2288.0 -216.0 P 203 202 -1 -1 -1 -1 -1 -1 -1 -1 -1 -1 -1 -1 -1 -1 U 216 160 190 225 175 -1 -1 -1 -1 -1 -1 -1 -1 -1 -1 -1 PR 206 205 204 195 196 197 198 199 200 201 -1 -1 -1 -1 -1 -1 VNR 32 30 28 26 24 22 -1 -1 -1 -1 -1 -1 -1 -1 -1 -1
nav 26 B_N07 PathNode loc 380.0 2048.0 -136.0 P 219 216 217 218 215 -1 -1 -1 -1 -1 -1 -1 -1 -1 -1 -1 U 237 191 -1 -1 -1 -1 -1 -1 -1 -1 -1 -1 -1 -1 -1 -1 PR 208 210 212 214 207 209 211 213 -1 -1 -1 -1 -1 -1 -1 -1 VNR 32 30 -1 -1 -1 -1 -1 -1 -1 -1 -1 -1 -1 -1 -1 -1
nav 27 B_F07 PathNode loc 380.0 2288.0 -216.0 P 226 225 -1 -1 -1 -1 -1 -1 -1 -1 -1 -1 -1 -1 -1 -1 U 238 192 217 245 203 -1 -1 -1 -1 -1 -1 -1 -1 -1 -1 -1 PR 228 227 220 221 222 223 224 -1 -1 -1 -1 -1 -1 -1 -1 -1 VNR 32 30 28 26 24 -1 -1 -1 -1 -1 -1 -1 -1 -1 -1 -1
nav 28 B_N08 PathNode loc 560.0 2048.0 -120.0 P 240 238 239 237 -1 -1 -1 -1 -1 -1 -1 -1 -1 -1 -1 -1 U 256 218 -1 -1 -1 -1 -1 -1 -1 -1 -1 -1 -1 -1 -1 -1 PR 230 232 234 236 229 231 233 235 -1 -1 -1 -1 -1 -1 -1 -1 VNR 32 30 -1 -1 -1 -1 -1 -1 -1 -1 -1 -1 -1 -1 -1 -1
nav 29 B_F08 PathNode loc 560.0 2288.0 -216.0 P 246 245 -1 -1 -1 -1 -1 -1 -1 -1 -1 -1 -1 -1 -1 -1 U 270 219 239 261 226 -1 -1 -1 -1 -1 -1 -1 -1 -1 -1 -1 PR 247 241 242 243 244 -1 -1 -1 -1 -1 -1 -1 -1 -1 -1 -1 VNR 32 28 26 -1 -1 -1 -1 -1 -1 -1 -1 -1 -1 -1 -1 -1
nav 30 B_N09 PathNode loc 740.0 2048.0 -88.0 P 256 -1 -1 -1 -1 -1 -1 -1 -1 -1 -1 -1 -1 -1 -1 -1 U 271 -1 -1 -1 -1 -1 -1 -1 -1 -1 -1 -1 -1 -1 -1 -1 PR 249 248 251 250 253 252 255 254 -1 -1 -1 -1 -1 -1 -1 -1 VNR 32 -1 -1 -1 -1 -1 -1 -1 -1 -1 -1 -1 -1 -1 -1 -1
nav 31 B_F09 PathNode loc 740.0 2288.0 -216.0 P 262 261 -1 -1 -1 -1 -1 -1 -1 -1 -1 -1 -1 -1 -1 -1 U 240 276 246 -1 -1 -1 -1 -1 -1 -1 -1 -1 -1 -1 -1 -1 PR 257 258 259 260 -1 -1 -1 -1 -1 -1 -1 -1 -1 -1 -1 -1 VNR 28 -1 -1 -1 -1 -1 -1 -1 -1 -1 -1 -1 -1 -1 -1 -1
nav 32 B_N10 PathNode loc 920.0 2048.0 -56.0 P 270 271 -1 -1 -1 -1 -1 -1 -1 -1 -1 -1 -1 -1 -1 -1 U -1 -1 -1 -1 -1 -1 -1 -1 -1 -1 -1 -1 -1 -1 -1 -1 PR 264 263 266 265 268 267 269 -1 -1 -1 -1 -1 -1 -1 -1 -1 VNR -1 -1 -1 -1 -1 -1 -1 -1 -1 -1 -1 -1 -1 -1 -1 -1
nav 33 B_F10 PathNode loc 920.0 2288.0 -216.0 P 276 -1 -1 -1 -1 -1 -1 -1 -1 -1 -1 -1 -1 -1 -1 -1 U 194 262 -1 -1 -1 -1 -1 -1 -1 -1 -1 -1 -1 -1 -1 -1 PR 272 273 274 275 -1 -1 -1 -1 -1 -1 -1 -1 -1 -1 -1 -1 VNR 24 -1 -1 -1 -1 -1 -1 -1 -1 -1 -1 -1 -1 -1 -1 -1
nav 34 C_N00 PathNode loc -300.0 -2048.0 -100.0 P -1 -1 -1 -1 -1 -1 -1 -1 -1 -1 -1 -1 -1 -1 -1 -1 U -1 -1 -1 -1 -1 -1 -1 -1 -1 -1 -1 -1 -1 -1 -1 -1 PR -1 -1 -1 -1 -1 -1 -1 -1 -1 -1 -1 -1 -1 -1 -1 -1 VNR 36 35 -1 -1 -1 -1 -1 -1 -1 -1 -1 -1 -1 -1 -1 -1
nav 35 C_N01 PathNode loc 0.0 -2048.0 100.0 P -1 -1 -1 -1 -1 -1 -1 -1 -1 -1 -1 -1 -1 -1 -1 -1 U -1 -1 -1 -1 -1 -1 -1 -1 -1 -1 -1 -1 -1 -1 -1 -1 PR -1 -1 -1 -1 -1 -1 -1 -1 -1 -1 -1 -1 -1 -1 -1 -1 VNR 36 34 -1 -1 -1 -1 -1 -1 -1 -1 -1 -1 -1 -1 -1 -1
nav 36 C_N02 PathNode loc 300.0 -2048.0 -100.0 P -1 -1 -1 -1 -1 -1 -1 -1 -1 -1 -1 -1 -1 -1 -1 -1 U -1 -1 -1 -1 -1 -1 -1 -1 -1 -1 -1 -1 -1 -1 -1 -1 PR -1 -1 -1 -1 -1 -1 -1 -1 -1 -1 -1 -1 -1 -1 -1 -1 VNR 35 34 -1 -1 -1 -1 -1 -1 -1 -1 -1 -1 -1 -1 -1 -1
nav 37 D_Start PlayerStart loc 5600.0 0.0 -216.0 P 277 -1 -1 -1 -1 -1 -1 -1 -1 -1 -1 -1 -1 -1 -1 -1 U 278 -1 -1 -1 -1 -1 -1 -1 -1 -1 -1 -1 -1 -1 -1 -1 PR -1 -1 -1 -1 -1 -1 -1 -1 -1 -1 -1 -1 -1 -1 -1 -1 VNR -1 -1 -1 -1 -1 -1 -1 -1 -1 -1 -1 -1 -1 -1 -1 -1
nav 38 D_N00 PathNode loc 6144.0 0.0 -216.0 P 279 278 -1 -1 -1 -1 -1 -1 -1 -1 -1 -1 -1 -1 -1 -1 U 280 277 -1 -1 -1 -1 -1 -1 -1 -1 -1 -1 -1 -1 -1 -1 PR -1 -1 -1 -1 -1 -1 -1 -1 -1 -1 -1 -1 -1 -1 -1 -1 VNR -1 -1 -1 -1 -1 -1 -1 -1 -1 -1 -1 -1 -1 -1 -1 -1
nav 39 D_N01 PathNode loc 6700.0 0.0 -216.0 P 280 -1 -1 -1 -1 -1 -1 -1 -1 -1 -1 -1 -1 -1 -1 -1 U 279 -1 -1 -1 -1 -1 -1 -1 -1 -1 -1 -1 -1 -1 -1 -1 PR -1 -1 -1 -1 -1 -1 -1 -1 -1 -1 -1 -1 -1 -1 -1 -1 VNR -1 -1 -1 -1 -1 -1 -1 -1 -1 -1 -1 -1 -1 -1 -1 -1
spec 100 0 1 70 70 1 0
spec 300 0 2 70 70 1 1
spec 600 0 3 70 70 1 1
spec 100 1 0 70 70 1 0
spec 200 1 2 70 70 1 0
spec 500 1 3 70 70 1 1
spec 900 1 4 70 70 1 1
spec 300 2 0 70 70 1 1
spec 200 2 1 70 70 1 0
spec 300 2 3 70 70 1 0
spec 700 2 4 70 70 1 1
spec 600 3 0 70 70 1 1
spec 500 3 1 70 70 1 1
spec 300 3 2 70 70 1 0
spec 400 3 4 70 70 1 0
spec 900 3 5 70 70 1 1
spec 900 4 1 70 70 1 1
spec 700 4 2 70 70 1 1
spec 400 4 3 70 70 1 0
spec 500 4 5 70 70 1 0
spec 900 5 3 70 70 1 1
spec 500 5 4 70 70 1 0
spec 600 5 6 70 70 1 0
spec 600 6 5 70 70 1 0
spec 700 6 7 70 70 1 0
spec 700 7 6 70 70 1 0
spec 800 7 8 70 70 1 0
spec 800 8 7 70 70 1 0
spec 900 8 9 70 70 1 0
spec 900 9 8 70 70 1 0
spec 201 13 14 70 70 1 0
spec 312 13 15 70 70 1 0
spec 381 13 16 70 70 1 1
spec 449 13 17 70 70 9 1
spec 561 13 18 70 70 1 1
spec 609 13 19 70 70 9 1
spec 742 13 20 70 70 1 1
spec 778 13 21 70 70 9 1
spec 922 13 22 70 70 1 1
spec 951 13 23 70 70 9 1
spec 201 14 13 70 70 1 0
spec 241 14 15 70 70 1 0
spec 181 14 16 70 70 1 0
spec 300 14 17 70 70 9 0
spec 361 14 18 70 70 1 1
spec 433 14 19 70 70 9 1
spec 541 14 20 70 70 1 1
spec 591 14 21 70 70 9 1
spec 721 14 22 70 70 1 1
spec 759 14 23 70 70 9 1
spec 901 14 24 70 70 1 1
spec 932 14 25 70 70 9 1
spec 312 15 13 70 70 1 0
spec 241 15 14 70 70 1 0
spec 302 15 16 70 70 9 0
spec 180 15 17 70 70 1 0
spec 435 15 18 70 70 9 1
spec 360 15 19 70 70 1 1
spec 593 15 20 70 70 9 1
spec 540 15 21 70 70 1 1
spec 761 15 22 70 70 9 1
spec 720 15 23 70 70 1 1
spec 934 15 24 70 70 9 1
spec 900 15 25 70 70 1 1
spec 381 16 13 70 70 1 1
spec 181 16 14 70 70 1 0
spec 302 16 15 70 70 9 0
spec 242 16 17 70 70 9 0
spec 180 16 18 70 70 1 0
spec 302 16 19 70 70 9 0
spec 360 16 20 70 70 1 1
spec 434 16 21 70 70 9 1
spec 541 16 22 70 70 1 1
spec 592 16 23 70 70 9 1
spec 721 16 24 70 70 1 1
spec 760 16 25 70 70 9 1
spec 901 16 26 70 70 1 1
spec 932 16 27 70 70 9 1
spec 449 17 13 70 70 9 1
spec 300 17 14 70 70 9 0
spec 180 17 15 70 70 1 0
spec 242 17 16 70 70 9 0
spec 303 17 18 70 70 9 0
spec 180 17 19 70 70 1 0
spec 435 17 20 70 70 9 1
spec 360 17 21 70 70 1 1
spec 594 17 22 70 70 9 1
spec 540 17 23 70 70 1 1
spec 762 17 24 70 70 9 1
spec 720 17 25 70 70 1 1
spec 900 17 27 70 70 1 1
spec 561 18 13 70 70 1 1
spec 361 18 14 70 70 1 1
spec 435 18 15 70 70 9 1
spec 180 18 16 70 70 1 0
spec 303 18 17 70 70 9 0
spec 243 18 19 70 70 9 0
spec 180 18 20 70 70 1 0
spec 303 18 21 70 70 9 0
spec 360 18 22 70 70 1 1
spec 435 18 23 70 70 9 1
spec 541 18 24 70 70 1 1
spec 592 18 25 70 70 9 1
spec 721 18 26 70 70 1 1
spec 760 18 27 70 70 9 1
spec 902 18 28 70 70 1 1
spec 932 18 29 70 70 9 1
spec 609 19 13 70 70 9 1
spec 433 19 14 70 70 9 1
spec 360 19 15 70 70 1 1
spec 302 19 16 70 70 9 0
spec 180 19 17 70 70 1 0
spec 243 19 18 70 70 9 0
spec 304 19 20 70 70 9 0
spec 180 19 21 70 70 1 0
spec 436 19 22 70 70 9 1
spec 360 19 23 70 70 1 1
spec 540 19 25 70 70 1 1
spec 720 19 27 70 70 1 1
spec 900 19 29 70 70 1 1
spec 742 20 13 70 70 1 1
spec 541 20 14 70 70 1 1
spec 593 20 15 70 70 9 1
spec 360 20 16 70 70 1 1
spec 435 20 17 70 70 9 1
spec 180 20 18 70 70 1 0
spec 304 20 19 70 70 9 0
spec 245 20 21 70 70 9 0
spec 180 20 22 70 70 1 0
spec 304 20 23 70 70 9 0
spec 360 20 24 70 70 1 1
spec 435 20 25 70 70 9 1
spec 541 20 26 70 70 1 1
spec 593 20 27 70 70 9 1
spec 722 20 28 70 70 1 1
spec 760 20 29 70 70 9 1
spec 778 21 13 70 70 9 1
spec 591 21 14 70 70 9 1
spec 540 21 15 70 70 1 1
spec 434 21 16 70 70 9 1
spec 360 21 17 70 70 1 1
spec 303 21 18 70 70 9 0
spec 180 21 19 70 70 1 0
spec 245 21 20 70 70 9 0
spec 180 21 23 70 70 1 0
spec 360 21 25 70 70 1 1
spec 540 21 27 70 70 1 1
spec 720 21 29 70 70 1 1
spec 900 21 31 70 70 1 1
spec 922 22 13 70 70 1 0
spec 721 22 14 70 70 1 1
spec 761 22 15 70 70 9 1
spec 541 22 16 70 70 1 1
spec 594 22 17 70 70 9 1
spec 360 22 18 70 70 1 1
spec 436 22 19 70 70 9 1
spec 180 22 20 70 70 1 0
spec 305 22 21 70 70 9 0
spec 246 22 23 70 70 9 0
spec 180 22 24 70 70 1 0
spec 305 22 25 70 70 9 0
spec 361 22 26 70 70 1 1
spec 436 22 27 70 70 9 1
spec 541 22 28 70 70 1 1
spec 594 22 29 70 70 9 1
spec 761 22 31 70 70 9 1
spec 951 23 13 70 70 9 1
spec 759 23 14 70 70 9 1
spec 720 23 15 70 70 1 1
spec 592 23 16 70 70 9 1
spec 540 23 17 70 70 1 1
spec 435 23 18 57 70 9 1
spec 360 23 19 70 70 1 1
spec 304 23 20 24 70 9 0
spec 180 23 21 70 70 1 0
spec 180 23 25 70 70 1 0
spec 360 23 27 70 70 1 1
spec 540 23 29 70 70 1 1
spec 720 23 31 70 70 1 1
spec 900 23 33 70 70 1 1
spec 901 24 14 70 70 1 1
spec 934 24 15 70 70 9 1
spec 721 24 16 70 70 1 1
spec 762 24 17 70 70 9 1
spec 541 24 18 70 70 1 1
spec 594 24 19 70 70 9 1
spec 360 24 20 70 70 1 1
spec 437 24 21 70 70 9 1
spec 180 24 22 70 70 1 0
spec 307 24 23 70 70 9 0
spec 248 24 25 70 70 9 0
spec 181 24 26 70 70 1 0
spec 307 24 27 70 70 9 0
spec 361 24 28 70 70 1 1
spec 762 24 33 70 70 9 0
spec 932 25 14 57 70 9 1
spec 900 25 15 70 70 1 1
spec 760 25 16 44 70 9 1
spec 720 25 17 70 70 1 1
spec 592 25 18 24 70 9 1
spec 540 25 19 70 70 1 1
spec 360 25 21 70 70 1 1
spec 180 25 23 70 70 1 0
spec 180 25 27 70 70 1 0
spec 360 25 29 70 70 1 1
spec 540 25 31 70 70 1 1
spec 720 25 33 70 70 1 1
spec 901 26 16 70 70 1 1
spec 935 26 17 70 70 9 1
spec 721 26 18 70 70 1 1
spec 763 26 19 70 70 9 1
spec 541 26 20 70 70 1 1
spec 596 26 21 70 70 9 1
spec 361 26 22 70 70 1 1
spec 440 26 23 70 70 9 1
spec 181 26 24 70 70 1 0
spec 310 26 25 70 70 9 0
spec 253 26 27 70 70 9 0
spec 181 26 28 70 70 1 0
spec 310 26 29 70 70 9 0
spec 932 27 16 24 70 9 1
spec 900 27 17 70 70 1 1
spec 720 27 19 70 70 1 1
spec 540 27 21 70 70 1 1
spec 360 27 23 70 70 1 1
spec 180 27 25 70 70 1 0
spec 180 27 29 70 70 1 0
spec 360 27 31 70 70 1 1
spec 540 27 33 70 70 1 1
spec 902 28 18 70 70 1 1
spec 936 28 19 70 70 9 1
spec 722 28 20 70 70 1 1
spec 765 28 21 70 70 9 1
spec 541 28 22 70 70 1 1
spec 599 28 23 70 70 9 1
spec 361 28 24 70 70 1 1
spec 443 28 25 70 70 9 1
spec 181 28 26 70 70 1 0
spec 315 28 27 70 70 9 0
spec 258 28 29 70 70 9 0
spec 315 28 31 70 70 9 0
spec 900 29 19 70 70 1 1
spec 720 29 21 70 70 1 1
spec 540 29 23 70 70 1 1
spec 360 29 25 70 70 1 1
spec 180 29 27 70 70 1 0
spec 180 29 31 70 70 1 0
spec 360 29 33 70 70 1 1
spec 904 30 20 70 70 9 1
spec 940 30 21 70 70 9 1
spec 724 30 22 70 70 9 1
spec 770 30 23 70 70 9 1
spec 544 30 24 70 70 9 1
spec 605 30 25 70 70 9 1
spec 363 30 26 70 70 9 1
spec 451 30 27 70 70 9 1
spec 183 30 28 70 70 9 0
spec 900 31 21 70 70 1 1
spec 720 31 23 70 70 1 1
spec 540 31 25 70 70 1 1
spec 360 31 27 70 70 1 1
spec 180 31 29 70 70 1 0
spec 180 31 33 70 70 1 0
spec 906 32 22 70 70 9 1
spec 945 32 23 70 70 9 1
spec 726 32 24 70 70 9 1
spec 776 32 25 70 70 9 1
spec 546 32 26 70 70 9 1
spec 612 32 27 70 70 9 1
spec 366 32 28 70 70 9 1
spec 461 32 29 70 70 9 0
spec 183 32 30 70 70 9 0
spec 900 33 23 70 70 1 1
spec 720 33 25 70 70 1 1
spec 540 33 27 70 70 1 1
spec 360 33 29 70 70 1 1
spec 180 33 31 70 70 1 0
spec 544 37 38 70 70 1 0
spec 544 38 37 70 70 1 0
spec 556 38 39 70 70 1 0
spec 556 39 38 70 70 1 0
